date,home,vs,quarter,time_left,shot_made,shot_value,shot_distance,x,y,shot_description,game_score
2015-10-27,True,NOP,1,10:56,True,2,3,252,81,Made 2-pointer from 3 ft,GSW now leads 5-2
2015-10-27,True,NOP,1,10:29,False,3,26,64,245,Missed 3-pointer from 26 ft,GSW leads 5-2
2015-10-27,True,NOP,1,09:34,False,2,2,260,59,Missed 2-pointer from 2 ft,GSW trails 5-7
2015-10-27,True,NOP,1,09:13,True,3,27,43,243,Made 3-pointer from 27 ft,GSW now leads 10-7
2015-10-27,True,NOP,1,07:11,True,2,0,236,58,Made 2-pointer from 0 ft,GSW now leads 14-11
2015-10-27,True,NOP,1,06:45,True,3,25,229,309,Made 3-pointer from 25 ft,GSW now leads 17-13
2015-10-27,True,NOP,1,05:50,True,2,22,123,238,Made 2-pointer from 22 ft,GSW now leads 21-15
2015-10-27,True,NOP,1,05:03,True,3,28,61,278,Made 3-pointer from 28 ft,GSW now leads 25-18
2015-10-27,True,NOP,1,03:57,True,3,25,329,289,Made 3-pointer from 25 ft,GSW now leads 32-20
2015-10-27,True,NOP,1,03:06,False,3,27,84,282,Missed 3-pointer from 27 ft,GSW leads 32-23
2015-10-27,True,NOP,1,02:45,True,2,2,221,71,Made 2-pointer from 2 ft,GSW now leads 34-23
2015-10-27,True,NOP,1,00:45,True,2,2,252,68,Made 2-pointer from 2 ft,GSW now leads 39-32
2015-10-27,True,NOP,1,00:01,False,3,39,54,395,Missed 3-pointer from 39 ft,GSW leads 39-35
2015-10-27,True,NOP,2,06:03,False,3,24,404,235,Missed 3-pointer from 24 ft,GSW leads 45-44
2015-10-27,True,NOP,2,04:54,True,2,12,144,135,Made 2-pointer from 12 ft,GSW now leads 50-44
2015-10-27,True,NOP,2,02:11,False,3,24,406,224,Missed 3-pointer from 24 ft,GSW leads 55-47
2015-10-27,True,NOP,2,01:16,False,3,25,444,201,Missed 3-pointer from 25 ft,GSW leads 57-47
2015-10-27,True,NOP,2,00:01,True,2,1,231,58,Made 2-pointer from 1 ft,GSW now leads 59-49
2015-10-27,True,NOP,3,10:07,True,2,1,250,61,Made 2-pointer from 1 ft,GSW now leads 67-49
2015-10-27,True,NOP,3,07:35,True,2,1,233,63,Made 2-pointer from 1 ft,GSW now leads 73-58
2015-10-27,True,NOP,3,07:14,False,2,7,282,111,Missed 2-pointer from 7 ft,GSW leads 73-59
2015-10-27,True,NOP,3,05:19,False,3,25,401,253,Missed 3-pointer from 25 ft,GSW leads 79-64
2015-10-27,True,NOP,3,05:13,False,2,3,260,73,Missed 2-pointer from 3 ft,GSW leads 79-64
2015-10-27,True,NOP,3,03:23,True,3,25,424,220,Made 3-pointer from 25 ft,GSW now leads 85-68
2015-10-27,True,NOP,4,05:21,False,2,12,118,93,Missed 2-pointer from 12 ft,GSW leads 100-83
2015-10-27,True,NOP,4,02:30,False,2,0,246,57,Missed 2-pointer from 0 ft,GSW leads 104-89
2015-10-30,False,HOU,1,11:00,False,2,18,131,204,Missed 2-pointer from 18 ft,GSW trails 1-2
2015-10-30,False,HOU,1,09:22,True,3,24,449,174,Made 3-pointer from 24 ft,GSW now trails 6-8
2015-10-30,False,HOU,1,08:56,True,3,24,468,137,Made 3-pointer from 24 ft,GSW now leads 9-8
2015-10-30,False,HOU,1,07:52,True,3,29,188,338,Made 3-pointer from 29 ft,GSW now leads 14-8
2015-10-30,False,HOU,1,06:23,False,3,24,111,264,Missed 3-pointer from 24 ft,GSW tied 14-14
2015-10-30,False,HOU,1,03:05,False,3,24,462,156,Missed 3-pointer from 24 ft,GSW leads 21-20
2015-10-30,False,HOU,2,06:50,False,3,23,5,34,Missed 3-pointer from 23 ft,GSW leads 40-35
2015-10-30,False,HOU,2,04:05,True,3,26,0,150,Made 3-pointer from 26 ft,GSW now leads 51-37
2015-10-30,False,HOU,2,03:49,True,2,1,254,49,Made 2-pointer from 1 ft,GSW now leads 53-37
2015-10-30,False,HOU,2,01:56,False,3,25,125,274,Missed 3-pointer from 25 ft,GSW leads 53-40
2015-10-30,False,HOU,3,08:43,True,2,8,275,125,Made 2-pointer from 8 ft,GSW now leads 64-51
2015-10-30,False,HOU,3,06:41,True,2,11,197,160,Made 2-pointer from 11 ft,GSW now leads 70-57
2015-10-30,False,HOU,4,07:18,True,2,1,250,52,Made 2-pointer from 1 ft,GSW now leads 93-74
2015-10-30,False,HOU,4,05:12,True,2,2,215,63,Made 2-pointer from 2 ft,GSW now leads 101-76
2015-10-30,False,HOU,4,04:44,False,3,24,327,279,Missed 3-pointer from 24 ft,GSW leads 101-76
2015-10-31,False,NOP,1,07:42,True,3,31,437,294,Made 3-pointer from 31 ft,GSW now leads 12-10
2015-10-31,False,NOP,1,06:30,False,3,27,316,314,Missed 3-pointer from 27 ft,GSW tied 15-15
2015-10-31,False,NOP,1,06:10,True,2,18,218,238,Made 2-pointer from 18 ft,GSW now tied 17-17
2015-10-31,False,NOP,1,04:03,True,3,29,421,282,Made 3-pointer from 29 ft,GSW now leads 25-23
2015-10-31,False,NOP,1,02:05,False,3,26,362,289,Missed 3-pointer from 26 ft,GSW leads 28-23
2015-10-31,False,NOP,1,00:54,False,2,10,167,130,Missed 2-pointer from 10 ft,GSW leads 30-25
2015-10-31,False,NOP,2,06:51,True,2,9,259,140,Made 2-pointer from 9 ft,GSW now leads 43-41
2015-10-31,False,NOP,2,03:47,False,3,23,476,39,Missed 3-pointer from 23 ft,GSW leads 57-52
2015-10-31,False,NOP,3,09:53,False,3,26,162,299,Missed 3-pointer from 26 ft,GSW tied 67-67
2015-10-31,False,NOP,3,09:12,True,3,28,98,297,Made 3-pointer from 28 ft,GSW now tied 70-70
2015-10-31,False,NOP,3,08:05,True,3,25,15,170,Made 3-pointer from 25 ft,GSW now leads 75-70
2015-10-31,False,NOP,3,07:40,True,3,26,59,238,Made 3-pointer from 26 ft,GSW now leads 78-72
2015-10-31,False,NOP,3,06:30,True,2,14,377,111,Made 2-pointer from 14 ft,GSW now leads 83-74
2015-10-31,False,NOP,3,06:15,False,2,21,121,230,Missed 2-pointer from 21 ft,GSW leads 83-74
2015-10-31,False,NOP,3,05:06,True,2,1,239,66,Made 2-pointer from 1 ft,GSW now leads 88-78
2015-10-31,False,NOP,3,03:49,True,3,25,427,220,Made 3-pointer from 25 ft,GSW now leads 91-83
2015-10-31,False,NOP,3,02:40,True,2,2,242,73,Made 2-pointer from 2 ft,GSW now leads 95-87
2015-10-31,False,NOP,3,01:34,True,2,1,257,58,Made 2-pointer from 1 ft,GSW now leads 99-87
2015-10-31,False,NOP,3,01:01,True,2,1,250,58,Made 2-pointer from 1 ft,GSW now leads 101-89
2015-10-31,False,NOP,3,00:40,True,3,26,434,235,Made 3-pointer from 26 ft,GSW now leads 104-89
2015-10-31,False,NOP,3,00:10,False,3,26,278,317,Missed 3-pointer from 26 ft,GSW leads 105-91
2015-10-31,False,NOP,4,06:09,True,2,16,82,81,Made 2-pointer from 16 ft,GSW now leads 115-102
2015-10-31,False,NOP,4,05:44,False,2,14,215,189,Missed 2-pointer from 14 ft,GSW leads 115-102
2015-10-31,False,NOP,4,03:13,True,2,12,363,61,Made 2-pointer from 12 ft,GSW now leads 123-110
2015-10-31,False,NOP,4,02:11,True,3,29,95,309,Made 3-pointer from 29 ft,GSW now leads 127-115
2015-10-31,False,NOP,4,01:00,False,3,24,462,150,Missed 3-pointer from 24 ft,GSW leads 131-115
2015-10-31,False,NOP,4,00:35,False,2,9,144,52,Missed 2-pointer from 9 ft,GSW leads 131-118
2015-11-02,True,MEM,1,10:36,True,3,28,30,238,Made 3-pointer from 28 ft,GSW now leads 3-0
2015-11-02,True,MEM,1,09:34,True,2,20,80,170,Made 2-pointer from 20 ft,GSW now leads 8-4
2015-11-02,True,MEM,1,08:05,False,3,24,220,297,Missed 3-pointer from 24 ft,GSW leads 9-8
2015-11-02,True,MEM,1,06:14,False,3,27,38,233,Missed 3-pointer from 27 ft,GSW tied 13-13
2015-11-02,True,MEM,1,00:59,False,3,24,309,287,Missed 3-pointer from 24 ft,GSW trails 19-22
2015-11-02,True,MEM,1,00:07,False,2,3,268,71,Missed 2-pointer from 3 ft,GSW trails 21-22
2015-11-02,True,MEM,2,02:48,False,3,26,403,253,Missed 3-pointer from 26 ft,GSW leads 42-29
2015-11-02,True,MEM,2,02:34,True,2,6,233,112,Made 2-pointer from 6 ft,GSW now leads 44-31
2015-11-02,True,MEM,3,10:00,True,2,16,404,91,Made 2-pointer from 16 ft,GSW now leads 57-36
2015-11-02,True,MEM,3,09:05,True,3,25,97,260,Made 3-pointer from 25 ft,GSW now leads 62-38
2015-11-02,True,MEM,3,07:49,False,2,1,231,57,Missed 2-pointer from 1 ft,GSW leads 67-38
2015-11-02,True,MEM,3,06:43,True,2,2,234,76,Made 2-pointer from 2 ft,GSW now leads 72-40
2015-11-02,True,MEM,3,06:28,True,2,2,249,76,Made 2-pointer from 2 ft,GSW now leads 75-40
2015-11-02,True,MEM,3,05:32,True,3,25,472,145,Made 3-pointer from 25 ft,GSW now leads 78-42
2015-11-02,True,MEM,3,04:58,True,3,22,468,45,Made 3-pointer from 22 ft,GSW now leads 81-42
2015-11-02,True,MEM,3,02:33,True,2,9,252,147,Made 2-pointer from 9 ft,GSW now leads 86-44
2015-11-04,True,LAC,1,11:17,True,3,25,197,297,Made 3-pointer from 25 ft,GSW now leads 3-2
2015-11-04,True,LAC,2,09:42,True,3,26,89,273,Made 3-pointer from 26 ft,GSW now leads 40-27
2015-11-04,True,LAC,2,07:56,True,3,29,118,314,Made 3-pointer from 29 ft,GSW now leads 46-29
2015-11-04,True,LAC,2,06:57,False,2,18,341,204,Missed 2-pointer from 18 ft,GSW leads 46-31
2015-11-04,True,LAC,2,05:57,False,3,23,5,53,Missed 3-pointer from 23 ft,GSW leads 47-34
2015-11-04,True,LAC,2,02:08,True,3,25,283,297,Made 3-pointer from 25 ft,GSW now leads 57-50
2015-11-04,True,LAC,3,10:39,False,2,16,293,204,Missed 2-pointer from 16 ft,GSW leads 65-59
2015-11-04,True,LAC,3,07:49,False,3,30,368,322,Missed 3-pointer from 30 ft,GSW leads 73-66
2015-11-04,True,LAC,3,06:56,False,2,0,237,54,Missed 2-pointer from 0 ft,GSW leads 73-66
2015-11-04,True,LAC,3,03:38,False,3,25,184,297,Missed 3-pointer from 25 ft,GSW leads 77-73
2015-11-04,True,LAC,3,03:00,False,2,8,236,135,Missed 2-pointer from 8 ft,GSW leads 77-73
2015-11-04,True,LAC,3,02:35,False,3,26,403,253,Missed 3-pointer from 26 ft,GSW leads 77-75
2015-11-04,True,LAC,4,05:32,True,3,24,149,278,Made 3-pointer from 24 ft,GSW now leads 100-99
2015-11-04,True,LAC,4,04:56,True,3,26,341,299,Made 3-pointer from 26 ft,GSW now leads 103-99
2015-11-04,True,LAC,4,03:34,False,2,16,360,161,Missed 2-pointer from 16 ft,GSW leads 103-101
2015-11-04,True,LAC,4,02:36,True,2,22,46,161,Made 2-pointer from 22 ft,GSW now leads 105-103
2015-11-04,True,LAC,4,01:08,True,3,26,166,307,Made 3-pointer from 26 ft,GSW now leads 108-106
2015-11-06,True,DEN,1,08:17,False,3,25,435,209,Missed 3-pointer from 25 ft,GSW leads 14-4
2015-11-06,True,DEN,1,06:16,False,2,1,250,52,Missed 2-pointer from 1 ft,GSW leads 18-10
2015-11-06,True,DEN,1,05:37,True,3,25,452,189,Made 3-pointer from 25 ft,GSW now leads 24-12
2015-11-06,True,DEN,1,05:12,False,3,25,453,199,Missed 3-pointer from 25 ft,GSW leads 24-15
2015-11-06,True,DEN,1,04:08,True,3,26,44,233,Made 3-pointer from 26 ft,GSW now leads 29-17
2015-11-06,True,DEN,1,02:54,True,3,26,159,302,Made 3-pointer from 26 ft,GSW now leads 36-20
2015-11-06,True,DEN,1,01:54,False,2,15,327,184,Missed 2-pointer from 15 ft,GSW leads 36-22
2015-11-06,True,DEN,1,01:16,False,3,23,473,49,Missed 3-pointer from 23 ft,GSW leads 37-22
2015-11-06,True,DEN,1,00:07,True,3,26,378,278,Made 3-pointer from 26 ft,GSW now leads 40-23
2015-11-06,True,DEN,2,03:13,True,2,2,228,71,Made 2-pointer from 2 ft,GSW now leads 63-33
2015-11-06,True,DEN,2,01:06,True,3,25,399,250,Made 3-pointer from 25 ft,GSW now leads 68-39
2015-11-06,True,DEN,2,00:26,True,3,25,28,184,Made 3-pointer from 25 ft,GSW now leads 74-44
2015-11-06,True,DEN,3,10:43,False,3,27,174,312,Missed 3-pointer from 27 ft,GSW leads 74-51
2015-11-06,True,DEN,3,06:03,False,3,23,476,58,Missed 3-pointer from 23 ft,GSW leads 84-63
2015-11-06,True,DEN,3,05:58,True,3,22,467,61,Made 3-pointer from 22 ft,GSW now leads 87-63
2015-11-06,True,DEN,3,04:57,False,3,23,8,57,Missed 3-pointer from 23 ft,GSW leads 87-65
2015-11-06,True,DEN,3,03:23,True,2,11,250,161,Made 2-pointer from 11 ft,GSW now leads 89-71
2015-11-06,True,DEN,3,03:01,True,3,25,467,156,Made 3-pointer from 25 ft,GSW now leads 92-71
2015-11-06,True,DEN,3,02:28,True,2,1,252,63,Made 2-pointer from 1 ft,GSW now leads 94-73
2015-11-06,True,DEN,3,00:43,True,2,2,257,68,Made 2-pointer from 2 ft,GSW now leads 98-73
2015-11-06,True,DEN,4,03:55,False,3,25,295,302,Missed 3-pointer from 25 ft,GSW leads 112-99
2015-11-07,False,SAC,1,08:45,False,3,27,82,273,Missed 3-pointer from 27 ft,GSW trails 2-5
2015-11-07,False,SAC,1,05:56,False,2,19,69,142,Missed 2-pointer from 19 ft,GSW trails 6-7
2015-11-07,False,SAC,1,03:09,True,2,2,264,61,Made 2-pointer from 2 ft,GSW now tied 11-11
2015-11-07,False,SAC,1,01:48,False,3,26,74,254,Missed 3-pointer from 26 ft,GSW leads 14-12
2015-11-07,False,SAC,1,00:54,False,3,24,3,120,Missed 3-pointer from 24 ft,GSW leads 18-12
2015-11-07,False,SAC,2,01:57,False,3,25,344,284,Missed 3-pointer from 25 ft,GSW leads 40-32
2015-11-07,False,SAC,3,09:37,True,2,22,64,186,Made 2-pointer from 22 ft,GSW now leads 50-44
2015-11-07,False,SAC,3,07:51,True,2,7,202,115,Made 2-pointer from 7 ft,GSW now leads 53-50
2015-11-07,False,SAC,3,07:21,False,3,23,363,255,Missed 3-pointer from 23 ft,GSW leads 53-52
2015-11-07,False,SAC,3,05:47,True,2,2,238,73,Made 2-pointer from 2 ft,GSW now leads 58-55
2015-11-07,False,SAC,3,05:31,False,3,23,467,96,Missed 3-pointer from 23 ft,GSW leads 58-55
2015-11-07,False,SAC,3,05:23,False,3,24,467,140,Missed 3-pointer from 24 ft,GSW leads 58-55
2015-11-07,False,SAC,3,04:09,True,2,2,254,73,Made 2-pointer from 2 ft,GSW now leads 64-55
2015-11-07,False,SAC,3,03:27,True,2,0,242,58,Made 2-pointer from 0 ft,GSW now leads 67-55
2015-11-07,False,SAC,3,00:21,False,3,24,370,263,Missed 3-pointer from 24 ft,GSW leads 72-68
2015-11-07,False,SAC,4,05:50,False,2,15,332,174,Missed 2-pointer from 15 ft,GSW trails 78-79
2015-11-07,False,SAC,4,05:43,True,3,27,311,314,Made 3-pointer from 27 ft,GSW now leads 81-79
2015-11-07,False,SAC,4,00:42,True,3,23,5,71,Made 3-pointer from 23 ft,GSW now leads 97-88
2015-11-09,True,DET,1,10:46,True,2,9,221,145,Made 2-pointer from 9 ft,GSW now tied 2-2
2015-11-09,True,DET,1,04:18,False,2,4,239,96,Missed 2-pointer from 4 ft,GSW leads 16-12
2015-11-09,True,DET,1,03:44,False,2,15,396,81,Missed 2-pointer from 15 ft,GSW leads 18-12
2015-11-09,True,DET,1,02:08,False,2,12,336,130,Missed 2-pointer from 12 ft,GSW leads 20-15
2015-11-09,True,DET,1,01:34,False,3,23,8,81,Missed 3-pointer from 23 ft,GSW leads 20-15
2015-11-09,True,DET,2,07:25,True,3,25,26,184,Made 3-pointer from 25 ft,GSW now leads 34-29
2015-11-09,True,DET,2,06:25,False,2,16,161,191,Missed 2-pointer from 16 ft,GSW leads 37-31
2015-11-09,True,DET,2,04:44,True,2,2,233,73,Made 2-pointer from 2 ft,GSW now leads 41-35
2015-11-09,True,DET,2,04:08,False,3,24,377,258,Missed 3-pointer from 24 ft,GSW leads 41-35
2015-11-09,True,DET,2,00:07,True,2,2,233,73,Made 2-pointer from 2 ft,GSW now leads 55-46
2015-11-09,True,DET,3,10:13,False,2,3,218,76,Missed 2-pointer from 3 ft,GSW leads 60-49
2015-11-09,True,DET,3,10:09,False,3,22,12,52,Missed 3-pointer from 22 ft,GSW leads 60-49
2015-11-09,True,DET,3,08:40,True,3,26,390,263,Made 3-pointer from 26 ft,GSW now leads 63-51
2015-11-09,True,DET,3,04:37,False,3,24,432,210,Missed 3-pointer from 24 ft,GSW leads 70-58
2015-11-09,True,DET,3,01:52,False,2,2,241,73,Missed 2-pointer from 2 ft,GSW leads 74-68
2015-11-09,True,DET,3,01:04,False,2,18,357,199,Missed 2-pointer from 18 ft,GSW leads 76-70
2015-11-09,True,DET,3,00:16,True,2,1,250,58,Made 2-pointer from 1 ft,GSW now leads 80-74
2015-11-09,True,DET,4,04:01,True,3,25,234,309,Made 3-pointer from 25 ft,GSW now leads 101-84
2015-11-11,False,MEM,1,10:37,True,2,2,265,52,Made 2-pointer from 2 ft,GSW now leads 6-2
2015-11-11,False,MEM,1,09:31,False,3,25,74,248,Missed 3-pointer from 25 ft,GSW leads 6-4
2015-11-11,False,MEM,1,08:34,True,3,23,5,83,Made 3-pointer from 23 ft,GSW now leads 9-7
2015-11-11,False,MEM,1,03:42,False,3,26,98,278,Missed 3-pointer from 26 ft,GSW leads 18-11
2015-11-11,False,MEM,1,02:31,False,2,19,399,156,Missed 2-pointer from 19 ft,GSW leads 18-13
2015-11-11,False,MEM,2,03:52,False,3,25,350,282,Missed 3-pointer from 25 ft,GSW leads 39-30
2015-11-11,False,MEM,2,03:01,True,2,1,233,58,Made 2-pointer from 1 ft,GSW now leads 43-34
2015-11-11,False,MEM,2,02:19,False,2,2,260,44,Missed 2-pointer from 2 ft,GSW leads 43-37
2015-11-11,False,MEM,2,00:05,False,3,26,286,314,Missed 3-pointer from 26 ft,GSW leads 47-41
2015-11-11,False,MEM,3,11:02,False,2,10,144,96,Missed 2-pointer from 10 ft,GSW leads 47-41
2015-11-11,False,MEM,3,09:54,True,2,1,240,66,Made 2-pointer from 1 ft,GSW now leads 51-41
2015-11-11,False,MEM,3,07:08,False,3,25,133,282,Missed 3-pointer from 25 ft,GSW leads 54-47
2015-11-11,False,MEM,3,06:31,False,2,21,391,204,Missed 2-pointer from 21 ft,GSW leads 54-49
2015-11-11,False,MEM,3,04:15,False,2,21,224,264,Missed 2-pointer from 21 ft,GSW leads 55-53
2015-11-11,False,MEM,3,02:48,True,2,1,249,61,Made 2-pointer from 1 ft,GSW now leads 62-58
2015-11-11,False,MEM,3,02:26,True,3,28,151,322,Made 3-pointer from 28 ft,GSW now leads 65-58
2015-11-11,False,MEM,3,01:19,False,3,28,398,282,Missed 3-pointer from 28 ft,GSW leads 68-59
2015-11-11,False,MEM,3,00:14,True,2,1,252,45,Made 2-pointer from 1 ft,GSW now leads 70-63
2015-11-11,False,MEM,3,00:00,True,3,39,41,392,Made 3-pointer from 39 ft,GSW now leads 74-63
2015-11-11,False,MEM,4,05:32,False,3,22,12,35,Missed 3-pointer from 22 ft,GSW leads 86-73
2015-11-11,False,MEM,4,02:37,True,2,0,249,52,Made 2-pointer from 0 ft,GSW now leads 95-75
2015-11-12,False,MIN,1,10:54,True,3,27,95,284,Made 3-pointer from 27 ft,GSW now leads 7-0
2015-11-12,False,MIN,1,09:48,True,3,24,5,125,Made 3-pointer from 24 ft,GSW now leads 13-2
2015-11-12,False,MIN,1,08:07,False,2,2,215,63,Missed 2-pointer from 2 ft,GSW leads 15-6
2015-11-12,False,MIN,1,06:51,True,3,24,0,66,Made 3-pointer from 24 ft,GSW now leads 22-10
2015-11-12,False,MIN,1,03:38,True,2,17,370,174,Made 2-pointer from 17 ft,GSW now leads 30-17
2015-11-12,False,MIN,1,02:13,False,3,23,470,76,Missed 3-pointer from 23 ft,GSW leads 33-19
2015-11-12,False,MIN,1,01:50,True,2,0,244,49,Made 2-pointer from 0 ft,GSW now leads 35-21
2015-11-12,False,MIN,1,00:54,False,2,6,267,111,Missed 2-pointer from 6 ft,GSW leads 37-25
2015-11-12,False,MIN,1,00:13,True,3,24,331,274,Made 3-pointer from 24 ft,GSW now leads 40-27
2015-11-12,False,MIN,2,04:13,False,3,27,87,274,Missed 3-pointer from 27 ft,GSW leads 62-50
2015-11-12,False,MIN,2,03:25,True,2,11,239,160,Made 2-pointer from 11 ft,GSW now leads 66-52
2015-11-12,False,MIN,2,00:00,True,2,2,242,73,Made 2-pointer from 2 ft,GSW now leads 75-63
2015-11-12,False,MIN,3,08:33,False,2,21,26,61,Missed 2-pointer from 21 ft,GSW leads 77-67
2015-11-12,False,MIN,3,06:00,False,2,0,234,52,Missed 2-pointer from 0 ft,GSW leads 82-68
2015-11-12,False,MIN,3,05:17,True,2,16,326,189,Made 2-pointer from 16 ft,GSW now leads 84-70
2015-11-12,False,MIN,3,03:06,True,3,25,352,282,Made 3-pointer from 25 ft,GSW now leads 94-76
2015-11-12,False,MIN,3,02:39,True,3,24,432,209,Made 3-pointer from 24 ft,GSW now leads 97-76
2015-11-12,False,MIN,3,02:01,False,3,25,182,297,Missed 3-pointer from 25 ft,GSW leads 97-78
2015-11-12,False,MIN,3,00:26,False,2,9,195,137,Missed 2-pointer from 9 ft,GSW leads 97-85
2015-11-12,False,MIN,4,05:51,True,3,26,316,302,Made 3-pointer from 26 ft,GSW now leads 112-103
2015-11-12,False,MIN,4,05:23,True,2,17,363,171,Made 2-pointer from 17 ft,GSW now leads 114-105
2015-11-12,False,MIN,4,04:58,False,3,26,391,263,Missed 3-pointer from 26 ft,GSW leads 114-108
2015-11-12,False,MIN,4,02:54,False,3,27,66,263,Missed 3-pointer from 27 ft,GSW leads 121-110
2015-11-12,False,MIN,4,01:55,True,2,18,391,165,Made 2-pointer from 18 ft,GSW now leads 123-113
2015-11-12,False,MIN,4,00:30,True,3,26,291,307,Made 3-pointer from 26 ft,GSW now leads 129-116
2015-11-14,True,BRK,1,11:26,True,2,6,226,115,Made 2-pointer from 6 ft,GSW now tied 2-2
2015-11-14,True,BRK,1,10:51,False,3,26,17,184,Missed 3-pointer from 26 ft,GSW trails 2-4
2015-11-14,True,BRK,1,10:03,False,3,22,467,58,Missed 3-pointer from 22 ft,GSW trails 5-7
2015-11-14,True,BRK,1,07:21,False,3,26,177,309,Missed 3-pointer from 26 ft,GSW trails 10-15
2015-11-14,True,BRK,1,06:11,False,2,2,259,61,Missed 2-pointer from 2 ft,GSW trails 13-17
2015-11-14,True,BRK,1,03:27,True,3,26,61,240,Made 3-pointer from 26 ft,GSW now trails 16-27
2015-11-14,True,BRK,1,02:13,False,2,7,275,115,Missed 2-pointer from 7 ft,GSW trails 16-29
2015-11-14,True,BRK,1,00:31,False,3,25,367,269,Missed 3-pointer from 25 ft,GSW trails 21-36
2015-11-14,True,BRK,1,00:01,False,2,19,44,58,Missed 2-pointer from 19 ft,GSW trails 21-36
2015-11-14,True,BRK,2,03:09,True,3,25,172,292,Made 3-pointer from 25 ft,GSW now trails 43-44
2015-11-14,True,BRK,2,00:38,True,2,17,107,171,Made 2-pointer from 17 ft,GSW now trails 49-50
2015-11-14,True,BRK,3,10:28,False,3,25,77,248,Missed 3-pointer from 25 ft,GSW trails 55-58
2015-11-14,True,BRK,3,10:02,True,2,2,239,71,Made 2-pointer from 2 ft,GSW now trails 57-60
2015-11-14,True,BRK,3,09:28,True,2,20,350,224,Made 2-pointer from 20 ft,GSW now trails 59-60
2015-11-14,True,BRK,3,07:43,False,3,27,62,264,Missed 3-pointer from 27 ft,GSW trails 59-64
2015-11-14,True,BRK,3,05:35,True,2,10,332,106,Made 2-pointer from 10 ft,GSW now trails 65-69
2015-11-14,True,BRK,3,03:13,True,3,25,46,220,Made 3-pointer from 25 ft,GSW now trails 68-71
2015-11-14,True,BRK,3,02:09,True,2,4,242,93,Made 2-pointer from 4 ft,GSW now trails 70-73
2015-11-14,True,BRK,3,01:11,False,3,26,360,282,Missed 3-pointer from 26 ft,GSW trails 70-73
2015-11-14,True,BRK,3,00:31,False,3,25,331,292,Missed 3-pointer from 25 ft,GSW trails 70-75
2015-11-14,True,BRK,3,00:26,False,3,26,250,312,Missed 3-pointer from 26 ft,GSW trails 70-75
2015-11-14,True,BRK,4,07:27,True,3,25,31,191,Made 3-pointer from 25 ft,GSW now trails 79-83
2015-11-14,True,BRK,4,06:54,False,2,8,234,135,Missed 2-pointer from 8 ft,GSW trails 79-83
2015-11-14,True,BRK,4,06:28,False,3,24,381,250,Missed 3-pointer from 24 ft,GSW trails 79-85
2015-11-14,True,BRK,4,05:24,True,3,23,5,97,Made 3-pointer from 23 ft,GSW now trails 84-85
2015-11-14,True,BRK,4,04:36,True,2,1,250,52,Made 2-pointer from 1 ft,GSW now leads 86-85
2015-11-14,True,BRK,4,04:07,False,2,17,84,135,Missed 2-pointer from 17 ft,GSW leads 86-85
2015-11-14,True,BRK,4,00:23,False,2,2,238,71,Missed 2-pointer from 2 ft,GSW trails 94-95
2015-11-14,True,BRK,1,04:00,False,3,24,75,235,Missed 3-pointer from 24 ft,GSW leads 99-97
2015-11-14,True,BRK,1,02:05,True,2,0,240,51,Made 2-pointer from 0 ft,GSW now leads 105-97
2015-11-14,True,BRK,1,00:39,False,2,17,115,179,Missed 2-pointer from 17 ft,GSW leads 107-99
2015-11-17,True,TOR,1,11:03,False,3,23,8,96,Missed 3-pointer from 23 ft,GSW tied 0-0
2015-11-17,True,TOR,1,09:51,False,2,4,218,93,Missed 2-pointer from 4 ft,GSW trails 3-4
2015-11-17,True,TOR,1,07:50,True,2,2,249,68,Made 2-pointer from 2 ft,GSW now leads 11-6
2015-11-17,True,TOR,1,02:54,False,2,3,220,76,Missed 2-pointer from 3 ft,GSW trails 17-21
2015-11-17,True,TOR,1,02:39,True,3,26,304,302,Made 3-pointer from 26 ft,GSW now trails 20-21
2015-11-17,True,TOR,1,02:08,False,3,25,62,235,Missed 3-pointer from 25 ft,GSW trails 20-23
2015-11-17,True,TOR,1,01:52,False,3,23,7,61,Missed 3-pointer from 23 ft,GSW trails 21-23
2015-11-17,True,TOR,1,01:12,False,2,20,403,181,Missed 2-pointer from 20 ft,GSW trails 24-25
2015-11-17,True,TOR,1,00:19,True,3,25,349,282,Made 3-pointer from 25 ft,GSW now leads 29-25
2015-11-17,True,TOR,2,03:57,True,2,1,250,58,Made 2-pointer from 1 ft,GSW now leads 51-43
2015-11-17,True,TOR,2,03:17,True,2,5,236,106,Made 2-pointer from 5 ft,GSW now leads 55-45
2015-11-17,True,TOR,2,02:08,False,3,25,213,302,Missed 3-pointer from 25 ft,GSW leads 57-45
2015-11-17,True,TOR,2,01:25,True,3,25,210,302,Made 3-pointer from 25 ft,GSW now leads 63-45
2015-11-17,True,TOR,3,11:44,True,2,20,295,243,Made 2-pointer from 20 ft,GSW now leads 65-47
2015-11-17,True,TOR,3,05:56,True,2,2,221,66,Made 2-pointer from 2 ft,GSW now leads 75-67
2015-11-17,True,TOR,3,05:16,False,3,26,118,289,Missed 3-pointer from 26 ft,GSW leads 75-67
2015-11-17,True,TOR,3,04:13,True,2,14,336,160,Made 2-pointer from 14 ft,GSW now leads 79-71
2015-11-17,True,TOR,3,03:15,True,3,25,93,255,Made 3-pointer from 25 ft,GSW now leads 82-75
2015-11-17,True,TOR,3,00:17,True,2,8,208,132,Made 2-pointer from 8 ft,GSW now leads 88-81
2015-11-17,True,TOR,4,06:24,False,2,11,306,140,Missed 2-pointer from 11 ft,GSW tied 96-96
2015-11-17,True,TOR,4,05:18,True,3,25,236,307,Made 3-pointer from 25 ft,GSW now leads 101-98
2015-11-17,True,TOR,4,01:28,True,2,16,370,156,Made 2-pointer from 16 ft,GSW now leads 108-103
2015-11-17,True,TOR,4,00:26,False,2,5,283,86,Missed 2-pointer from 5 ft,GSW leads 109-108
2015-11-19,False,LAC,1,11:08,True,3,26,38,228,Made 3-pointer from 26 ft,GSW now leads 3-0
2015-11-19,False,LAC,1,10:39,False,3,27,182,322,Missed 3-pointer from 27 ft,GSW leads 3-2
2015-11-19,False,LAC,2,10:01,False,3,26,403,264,Missed 3-pointer from 26 ft,GSW trails 27-48
2015-11-19,False,LAC,2,09:03,False,2,3,272,73,Missed 2-pointer from 3 ft,GSW trails 27-50
2015-11-19,False,LAC,2,08:01,False,2,3,262,73,Missed 2-pointer from 3 ft,GSW trails 29-50
2015-11-19,False,LAC,2,07:54,True,3,23,476,71,Made 3-pointer from 23 ft,GSW now trails 32-50
2015-11-19,False,LAC,2,06:45,False,3,26,170,302,Missed 3-pointer from 26 ft,GSW trails 32-55
2015-11-19,False,LAC,2,02:33,True,2,3,211,61,Made 2-pointer from 3 ft,GSW now trails 45-60
2015-11-19,False,LAC,2,00:07,True,3,27,92,282,Made 3-pointer from 27 ft,GSW now trails 54-68
2015-11-19,False,LAC,3,10:18,False,3,26,84,263,Missed 3-pointer from 26 ft,GSW trails 57-72
2015-11-19,False,LAC,3,07:19,True,2,20,349,228,Made 2-pointer from 20 ft,GSW now trails 66-79
2015-11-19,False,LAC,3,06:50,True,2,3,239,86,Made 2-pointer from 3 ft,GSW now trails 68-79
2015-11-19,False,LAC,3,06:28,False,3,26,120,282,Missed 3-pointer from 26 ft,GSW trails 68-79
2015-11-19,False,LAC,3,04:26,True,2,4,255,91,Made 2-pointer from 4 ft,GSW now trails 74-83
2015-11-19,False,LAC,3,03:32,False,3,26,288,309,Missed 3-pointer from 26 ft,GSW trails 76-84
2015-11-19,False,LAC,3,02:47,True,2,3,268,63,Made 2-pointer from 3 ft,GSW now trails 78-87
2015-11-19,False,LAC,3,01:01,False,3,24,311,287,Missed 3-pointer from 24 ft,GSW trails 82-89
2015-11-19,False,LAC,3,00:30,False,2,15,327,184,Missed 2-pointer from 15 ft,GSW trails 82-91
2015-11-19,False,LAC,4,06:31,True,3,25,115,268,Made 3-pointer from 25 ft,GSW now trails 99-105
2015-11-19,False,LAC,4,05:33,True,3,25,416,228,Made 3-pointer from 25 ft,GSW now trails 102-109
2015-11-19,False,LAC,4,02:03,False,3,25,385,263,Missed 3-pointer from 25 ft,GSW trails 113-115
2015-11-19,False,LAC,4,01:47,True,3,24,193,292,Made 3-pointer from 24 ft,GSW now leads 116-115
2015-11-20,True,CHI,1,09:50,True,3,24,113,263,Made 3-pointer from 24 ft,GSW now leads 7-6
2015-11-20,True,CHI,1,08:34,False,2,3,216,71,Missed 2-pointer from 3 ft,GSW trails 7-8
2015-11-20,True,CHI,1,07:30,True,2,8,254,135,Made 2-pointer from 8 ft,GSW now trails 11-12
2015-11-20,True,CHI,1,07:01,False,3,25,468,166,Missed 3-pointer from 25 ft,GSW trails 11-12
2015-11-20,True,CHI,1,05:48,False,3,27,403,268,Missed 3-pointer from 27 ft,GSW trails 12-19
2015-11-20,True,CHI,1,03:12,True,3,26,319,299,Made 3-pointer from 26 ft,GSW now trails 20-25
2015-11-20,True,CHI,1,00:36,False,3,26,390,269,Missed 3-pointer from 26 ft,GSW trails 26-29
2015-11-20,True,CHI,2,02:30,False,3,25,354,273,Missed 3-pointer from 25 ft,GSW trails 42-44
2015-11-20,True,CHI,2,00:20,True,2,1,250,61,Made 2-pointer from 1 ft,GSW now leads 50-47
2015-11-20,True,CHI,3,10:24,True,2,1,249,66,Made 2-pointer from 1 ft,GSW now leads 52-51
2015-11-20,True,CHI,3,09:35,True,2,6,242,111,Made 2-pointer from 6 ft,GSW now leads 56-54
2015-11-20,True,CHI,3,09:10,False,3,26,84,263,Missed 3-pointer from 26 ft,GSW leads 56-54
2015-11-20,True,CHI,3,03:13,False,3,25,21,184,Missed 3-pointer from 25 ft,GSW trails 69-70
2015-11-20,True,CHI,3,00:51,True,2,18,327,214,Made 2-pointer from 18 ft,GSW now leads 77-73
2015-11-20,True,CHI,3,00:05,False,2,15,111,137,Missed 2-pointer from 15 ft,GSW leads 77-73
2015-11-20,True,CHI,4,05:33,False,3,25,380,258,Missed 3-pointer from 25 ft,GSW tied 89-89
2015-11-20,True,CHI,4,05:26,True,3,25,211,302,Made 3-pointer from 25 ft,GSW now leads 92-89
2015-11-20,True,CHI,4,04:28,False,3,26,175,302,Missed 3-pointer from 26 ft,GSW leads 92-89
2015-11-20,True,CHI,4,04:23,False,2,0,236,58,Missed 2-pointer from 0 ft,GSW leads 92-89
2015-11-20,True,CHI,4,03:48,True,2,0,249,53,Made 2-pointer from 0 ft,GSW now leads 94-89
2015-11-22,False,DEN,1,10:27,True,2,0,240,58,Made 2-pointer from 0 ft,GSW now leads 4-3
2015-11-22,False,DEN,1,08:50,False,3,25,435,210,Missed 3-pointer from 25 ft,GSW leads 9-5
2015-11-22,False,DEN,1,08:25,False,3,25,422,225,Missed 3-pointer from 25 ft,GSW leads 9-7
2015-11-22,False,DEN,1,04:17,True,3,24,480,45,Made 3-pointer from 24 ft,GSW now leads 20-15
2015-11-22,False,DEN,1,03:58,True,2,1,254,52,Made 2-pointer from 1 ft,GSW now leads 22-15
2015-11-22,False,DEN,1,03:35,False,3,26,409,255,Missed 3-pointer from 26 ft,GSW leads 22-17
2015-11-22,False,DEN,1,02:00,False,2,17,417,52,Missed 2-pointer from 17 ft,GSW leads 27-21
2015-11-22,False,DEN,2,04:27,True,2,5,244,106,Made 2-pointer from 5 ft,GSW now leads 49-43
2015-11-22,False,DEN,2,02:26,False,3,26,404,263,Missed 3-pointer from 26 ft,GSW leads 50-49
2015-11-22,False,DEN,2,01:43,False,2,0,246,50,Missed 2-pointer from 0 ft,GSW leads 53-51
2015-11-22,False,DEN,3,11:30,True,2,16,80,53,Made 2-pointer from 16 ft,GSW now leads 66-58
2015-11-22,False,DEN,3,10:47,True,2,22,23,120,Made 2-pointer from 22 ft,GSW now leads 68-58
2015-11-22,False,DEN,3,10:27,False,3,25,272,299,Missed 3-pointer from 25 ft,GSW leads 68-58
2015-11-22,False,DEN,3,09:15,True,3,25,270,304,Made 3-pointer from 25 ft,GSW now leads 71-62
2015-11-22,False,DEN,3,05:26,False,2,1,254,61,Missed 2-pointer from 1 ft,GSW leads 79-69
2015-11-22,False,DEN,3,02:30,True,3,24,465,140,Made 3-pointer from 24 ft,GSW now leads 86-73
2015-11-24,True,LAL,1,10:20,False,3,25,390,255,Missed 3-pointer from 25 ft,GSW leads 3-0
2015-11-24,True,LAL,1,08:28,True,3,24,7,97,Made 3-pointer from 24 ft,GSW now leads 8-5
2015-11-24,True,LAL,1,05:35,False,3,27,244,317,Missed 3-pointer from 27 ft,GSW leads 13-7
2015-11-24,True,LAL,1,03:44,True,2,1,234,61,Made 2-pointer from 1 ft,GSW now leads 20-7
2015-11-24,True,LAL,1,03:19,False,3,26,56,230,Missed 3-pointer from 26 ft,GSW leads 20-7
2015-11-24,True,LAL,1,01:07,False,2,18,355,194,Missed 2-pointer from 18 ft,GSW leads 27-11
2015-11-24,True,LAL,1,00:46,True,3,26,339,289,Made 3-pointer from 26 ft,GSW now leads 30-11
2015-11-24,True,LAL,1,00:14,False,3,26,355,278,Missed 3-pointer from 26 ft,GSW leads 30-11
2015-11-24,True,LAL,2,02:53,True,2,17,264,214,Made 2-pointer from 17 ft,GSW now leads 51-30
2015-11-24,True,LAL,2,02:19,False,2,13,161,156,Missed 2-pointer from 13 ft,GSW leads 51-32
2015-11-24,True,LAL,3,09:01,True,2,7,304,76,Made 2-pointer from 7 ft,GSW now leads 60-44
2015-11-24,True,LAL,3,08:17,False,3,26,71,253,Missed 3-pointer from 26 ft,GSW leads 60-44
2015-11-24,True,LAL,3,07:11,True,3,23,472,73,Made 3-pointer from 23 ft,GSW now leads 63-44
2015-11-24,True,LAL,3,06:19,True,2,1,241,57,Made 2-pointer from 1 ft,GSW now leads 67-44
2015-11-24,True,LAL,3,05:50,False,3,26,164,302,Missed 3-pointer from 26 ft,GSW leads 67-44
2015-11-24,True,LAL,3,03:25,True,2,3,239,76,Made 2-pointer from 3 ft,GSW now leads 75-48
2015-11-24,True,LAL,3,01:48,False,3,27,92,279,Missed 3-pointer from 27 ft,GSW leads 81-51
2015-11-24,True,LAL,3,01:39,False,2,2,249,71,Missed 2-pointer from 2 ft,GSW leads 81-51
2015-11-24,True,LAL,3,01:02,True,3,28,383,287,Made 3-pointer from 28 ft,GSW now leads 85-53
2015-11-24,True,LAL,3,00:33,True,2,1,250,57,Made 2-pointer from 1 ft,GSW now leads 87-55
2015-11-27,False,PHO,1,10:27,True,3,23,5,57,Made 3-pointer from 23 ft,GSW now leads 5-0
2015-11-27,False,PHO,1,05:48,True,3,25,123,273,Made 3-pointer from 25 ft,GSW now leads 24-10
2015-11-27,False,PHO,1,03:53,True,3,25,444,199,Made 3-pointer from 25 ft,GSW now leads 32-14
2015-11-27,False,PHO,1,01:52,True,3,24,414,225,Made 3-pointer from 24 ft,GSW now leads 39-19
2015-11-27,False,PHO,1,01:03,False,3,25,411,238,Missed 3-pointer from 25 ft,GSW leads 39-23
2015-11-27,False,PHO,1,00:35,True,3,24,422,220,Made 3-pointer from 24 ft,GSW now leads 44-25
2015-11-27,False,PHO,1,00:04,False,2,1,223,49,Missed 2-pointer from 1 ft,GSW leads 44-27
2015-11-27,False,PHO,2,06:07,True,3,25,102,263,Made 3-pointer from 25 ft,GSW now leads 60-43
2015-11-27,False,PHO,2,00:55,True,2,2,267,52,Made 2-pointer from 2 ft,GSW now leads 72-57
2015-11-27,False,PHO,2,00:35,True,3,26,98,279,Made 3-pointer from 26 ft,GSW now leads 75-57
2015-11-27,False,PHO,2,00:00,False,3,25,288,299,Missed 3-pointer from 25 ft,GSW leads 75-57
2015-11-27,False,PHO,3,09:54,False,3,26,139,299,Missed 3-pointer from 26 ft,GSW leads 77-59
2015-11-27,False,PHO,3,06:20,True,2,2,242,71,Made 2-pointer from 2 ft,GSW now leads 84-70
2015-11-27,False,PHO,3,05:53,False,3,23,143,269,Missed 3-pointer from 23 ft,GSW leads 85-70
2015-11-27,False,PHO,3,05:35,False,2,1,223,57,Missed 2-pointer from 1 ft,GSW leads 85-70
2015-11-27,False,PHO,3,05:31,True,3,24,457,160,Made 3-pointer from 24 ft,GSW now leads 88-70
2015-11-27,False,PHO,3,02:29,False,3,22,13,39,Missed 3-pointer from 22 ft,GSW leads 95-77
2015-11-27,False,PHO,3,02:24,True,3,25,43,210,Made 3-pointer from 25 ft,GSW now leads 98-77
2015-11-27,False,PHO,3,00:56,False,3,25,138,282,Missed 3-pointer from 25 ft,GSW leads 103-79
2015-11-28,True,SAC,1,11:14,False,3,24,249,297,Missed 3-pointer from 24 ft,GSW trails 0-2
2015-11-28,True,SAC,1,10:00,True,2,2,228,66,Made 2-pointer from 2 ft,GSW now trails 2-5
2015-11-28,True,SAC,1,08:15,False,3,26,291,307,Missed 3-pointer from 26 ft,GSW trails 4-10
2015-11-28,True,SAC,1,05:18,True,3,25,38,199,Made 3-pointer from 25 ft,GSW now trails 11-16
2015-11-28,True,SAC,1,03:04,True,3,24,398,243,Made 3-pointer from 24 ft,GSW now trails 17-20
2015-11-28,True,SAC,1,00:57,True,3,25,322,292,Made 3-pointer from 25 ft,GSW now trails 26-27
2015-11-28,True,SAC,3,06:44,False,3,26,174,304,Missed 3-pointer from 26 ft,GSW leads 75-54
2015-11-30,False,UTA,1,11:12,True,3,25,452,199,Made 3-pointer from 25 ft,GSW now leads 3-2
2015-11-30,False,UTA,1,09:10,True,2,16,396,96,Made 2-pointer from 16 ft,GSW now trails 5-7
2015-11-30,False,UTA,1,07:27,False,3,23,404,225,Missed 3-pointer from 23 ft,GSW trails 10-11
2015-11-30,False,UTA,1,05:06,True,2,3,272,57,Made 2-pointer from 3 ft,GSW now leads 15-13
2015-11-30,False,UTA,1,03:01,False,2,3,268,61,Missed 2-pointer from 3 ft,GSW tied 16-16
2015-11-30,False,UTA,1,02:00,False,2,3,278,50,Missed 2-pointer from 3 ft,GSW leads 18-17
2015-11-30,False,UTA,2,04:29,False,2,2,216,50,Missed 2-pointer from 2 ft,GSW leads 42-37
2015-11-30,False,UTA,2,01:24,False,3,26,193,307,Missed 3-pointer from 26 ft,GSW leads 51-44
2015-11-30,False,UTA,3,11:12,True,2,2,265,44,Made 2-pointer from 2 ft,GSW now leads 57-48
2015-11-30,False,UTA,3,08:02,False,2,19,48,39,Missed 2-pointer from 19 ft,GSW leads 63-57
2015-11-30,False,UTA,3,04:21,False,3,25,36,206,Missed 3-pointer from 25 ft,GSW leads 71-67
2015-11-30,False,UTA,3,03:10,False,2,2,220,63,Missed 2-pointer from 2 ft,GSW leads 73-69
2015-11-30,False,UTA,3,02:34,True,3,24,67,228,Made 3-pointer from 24 ft,GSW now leads 76-71
2015-11-30,False,UTA,3,00:52,True,2,1,259,44,Made 2-pointer from 1 ft,GSW now leads 83-75
2015-11-30,False,UTA,4,06:20,True,3,23,359,258,Made 3-pointer from 23 ft,GSW now tied 90-90
2015-11-30,False,UTA,4,02:24,False,3,25,220,304,Missed 3-pointer from 25 ft,GSW leads 97-96
2015-11-30,False,UTA,4,01:46,True,2,21,115,225,Made 2-pointer from 21 ft,GSW now tied 99-99
2015-11-30,False,UTA,4,01:29,False,2,0,242,57,Missed 2-pointer from 0 ft,GSW tied 99-99
2015-11-30,False,UTA,4,00:52,True,3,26,35,215,Made 3-pointer from 26 ft,GSW now leads 104-101
2015-11-30,False,UTA,4,00:17,False,2,23,360,248,Missed 2-pointer from 23 ft,GSW leads 104-103
2015-12-02,False,CHO,1,10:42,False,3,23,2,61,Missed 3-pointer from 23 ft,GSW tied 4-4
2015-12-02,False,CHO,1,05:44,True,3,24,458,166,Made 3-pointer from 24 ft,GSW now leads 23-11
2015-12-02,False,CHO,1,05:21,True,3,30,259,351,Made 3-pointer from 30 ft,GSW now leads 26-13
2015-12-02,False,CHO,1,04:57,False,3,30,344,341,Missed 3-pointer from 30 ft,GSW leads 26-13
2015-12-02,False,CHO,1,00:38,False,3,25,252,302,Missed 3-pointer from 25 ft,GSW leads 30-23
2015-12-02,False,CHO,2,03:18,True,2,2,249,76,Made 2-pointer from 2 ft,GSW now leads 50-40
2015-12-02,False,CHO,2,02:18,True,3,23,472,68,Made 3-pointer from 23 ft,GSW now leads 56-42
2015-12-02,False,CHO,3,10:11,True,2,1,254,63,Made 2-pointer from 1 ft,GSW now leads 65-55
2015-12-02,False,CHO,3,08:14,True,2,1,229,61,Made 2-pointer from 1 ft,GSW now leads 67-55
2015-12-02,False,CHO,3,05:56,False,2,13,211,179,Missed 2-pointer from 13 ft,GSW leads 72-62
2015-12-02,False,CHO,3,04:55,True,2,0,231,53,Made 2-pointer from 0 ft,GSW now leads 74-64
2015-12-02,False,CHO,3,03:59,True,3,23,5,66,Made 3-pointer from 23 ft,GSW now leads 77-64
2015-12-02,False,CHO,3,02:34,True,2,1,231,66,Made 2-pointer from 1 ft,GSW now leads 79-66
2015-12-02,False,CHO,3,01:53,True,3,25,177,292,Made 3-pointer from 25 ft,GSW now leads 82-66
2015-12-02,False,CHO,3,01:29,True,3,29,383,312,Made 3-pointer from 29 ft,GSW now leads 85-68
2015-12-02,False,CHO,3,00:58,True,2,1,249,58,Made 2-pointer from 1 ft,GSW now leads 87-70
2015-12-02,False,CHO,3,00:33,True,3,28,139,317,Made 3-pointer from 28 ft,GSW now leads 90-70
2015-12-02,False,CHO,3,00:03,True,3,30,398,307,Made 3-pointer from 30 ft,GSW now leads 93-72
2015-12-05,False,TOR,1,10:18,True,3,24,393,240,Made 3-pointer from 24 ft,GSW now trails 3-5
2015-12-05,False,TOR,1,08:49,True,3,24,244,292,Made 3-pointer from 24 ft,GSW now trails 8-10
2015-12-05,False,TOR,1,08:26,True,3,22,468,76,Made 3-pointer from 22 ft,GSW now leads 11-10
2015-12-05,False,TOR,1,07:05,True,2,15,309,186,Made 2-pointer from 15 ft,GSW now leads 18-10
2015-12-05,False,TOR,1,06:39,True,3,24,290,292,Made 3-pointer from 24 ft,GSW now leads 21-10
2015-12-05,False,TOR,1,06:05,False,3,25,339,287,Missed 3-pointer from 25 ft,GSW leads 21-10
2015-12-05,False,TOR,1,02:40,False,3,24,238,292,Missed 3-pointer from 24 ft,GSW leads 26-15
2015-12-05,False,TOR,1,01:36,True,2,12,288,165,Made 2-pointer from 12 ft,GSW now leads 30-17
2015-12-05,False,TOR,1,00:36,False,2,1,250,63,Missed 2-pointer from 1 ft,GSW leads 30-21
2015-12-05,False,TOR,2,02:10,True,3,24,25,165,Made 3-pointer from 24 ft,GSW now leads 51-46
2015-12-05,False,TOR,2,01:25,True,2,4,238,91,Made 2-pointer from 4 ft,GSW now leads 53-46
2015-12-05,False,TOR,3,11:20,False,3,24,246,292,Missed 3-pointer from 24 ft,GSW leads 59-51
2015-12-05,False,TOR,3,07:43,True,2,4,210,81,Made 2-pointer from 4 ft,GSW now leads 66-60
2015-12-05,False,TOR,3,03:33,False,2,9,174,122,Missed 2-pointer from 9 ft,GSW leads 74-69
2015-12-05,False,TOR,3,01:58,False,2,15,136,160,Missed 2-pointer from 15 ft,GSW leads 78-75
2015-12-05,False,TOR,3,01:50,True,3,23,2,58,Made 3-pointer from 23 ft,GSW now leads 81-75
2015-12-05,False,TOR,3,01:05,False,3,24,424,206,Missed 3-pointer from 24 ft,GSW leads 81-77
2015-12-05,False,TOR,3,00:02,True,2,8,311,96,Made 2-pointer from 8 ft,GSW now leads 83-79
2015-12-05,False,TOR,4,07:06,True,3,25,416,230,Made 3-pointer from 25 ft,GSW now leads 90-87
2015-12-05,False,TOR,4,05:06,False,2,10,156,107,Missed 2-pointer from 10 ft,GSW leads 95-94
2015-12-05,False,TOR,4,04:23,False,3,28,30,248,Missed 3-pointer from 28 ft,GSW trails 95-96
2015-12-05,False,TOR,4,03:37,True,3,25,244,302,Made 3-pointer from 25 ft,GSW now tied 98-98
2015-12-05,False,TOR,4,02:33,True,3,24,242,299,Made 3-pointer from 24 ft,GSW now leads 102-100
2015-12-05,False,TOR,4,01:52,False,3,25,195,302,Missed 3-pointer from 25 ft,GSW tied 102-102
2015-12-06,False,BRK,1,07:36,True,3,25,8,145,Made 3-pointer from 25 ft,GSW now leads 12-4
2015-12-06,False,BRK,1,06:27,False,3,24,48,210,Missed 3-pointer from 24 ft,GSW leads 16-6
2015-12-06,False,BRK,1,05:04,True,2,2,216,53,Made 2-pointer from 2 ft,GSW now leads 18-8
2015-12-06,False,BRK,1,02:44,True,2,2,265,57,Made 2-pointer from 2 ft,GSW now leads 25-8
2015-12-06,False,BRK,2,02:45,True,2,15,324,179,Made 2-pointer from 15 ft,GSW now leads 51-40
2015-12-06,False,BRK,2,01:49,True,3,28,134,319,Made 3-pointer from 28 ft,GSW now leads 57-42
2015-12-06,False,BRK,3,10:16,False,3,24,240,299,Missed 3-pointer from 24 ft,GSW leads 59-58
2015-12-06,False,BRK,3,08:06,True,2,2,264,52,Made 2-pointer from 2 ft,GSW now trails 63-66
2015-12-06,False,BRK,3,04:37,False,3,24,20,160,Missed 3-pointer from 24 ft,GSW trails 67-68
2015-12-06,False,BRK,3,04:07,True,3,23,10,81,Made 3-pointer from 23 ft,GSW now tied 70-70
2015-12-06,False,BRK,3,03:23,False,3,23,473,29,Missed 3-pointer from 23 ft,GSW trails 70-72
2015-12-06,False,BRK,3,02:10,True,2,8,306,106,Made 2-pointer from 8 ft,GSW now tied 76-76
2015-12-06,False,BRK,3,01:45,True,3,27,413,263,Made 3-pointer from 27 ft,GSW now leads 79-76
2015-12-06,False,BRK,3,01:11,False,2,11,265,160,Missed 2-pointer from 11 ft,GSW leads 79-78
2015-12-06,False,BRK,3,00:28,True,2,2,267,57,Made 2-pointer from 2 ft,GSW now leads 83-80
2015-12-06,False,BRK,3,00:02,True,3,24,33,179,Made 3-pointer from 24 ft,GSW now leads 87-80
2015-12-06,False,BRK,4,04:46,False,2,2,216,40,Missed 2-pointer from 2 ft,GSW leads 106-89
2015-12-08,False,IND,1,11:47,False,3,25,375,268,Missed 3-pointer from 25 ft,GSW tied 0-0
2015-12-08,False,IND,1,10:43,True,2,0,241,45,Made 2-pointer from 0 ft,GSW now trails 2-5
2015-12-08,False,IND,1,09:02,False,2,19,403,160,Missed 2-pointer from 19 ft,GSW trails 6-13
2015-12-08,False,IND,1,08:49,True,2,1,249,58,Made 2-pointer from 1 ft,GSW now trails 8-13
2015-12-08,False,IND,1,07:07,False,3,27,41,243,Missed 3-pointer from 27 ft,GSW trails 15-17
2015-12-08,False,IND,1,03:08,True,3,26,427,238,Made 3-pointer from 26 ft,GSW now leads 32-21
2015-12-08,False,IND,1,02:18,True,2,1,254,52,Made 2-pointer from 1 ft,GSW now leads 34-21
2015-12-08,False,IND,1,01:53,True,3,26,53,243,Made 3-pointer from 26 ft,GSW now leads 37-21
2015-12-08,False,IND,1,00:33,False,3,24,100,253,Missed 3-pointer from 24 ft,GSW leads 42-28
2015-12-08,False,IND,2,04:02,False,3,23,350,263,Missed 3-pointer from 23 ft,GSW leads 62-49
2015-12-08,False,IND,2,03:50,False,3,25,449,204,Missed 3-pointer from 25 ft,GSW leads 62-49
2015-12-08,False,IND,2,03:03,True,3,24,458,170,Made 3-pointer from 24 ft,GSW now leads 68-51
2015-12-08,False,IND,2,01:01,False,2,1,228,44,Missed 2-pointer from 1 ft,GSW leads 76-58
2015-12-08,False,IND,2,00:06,False,3,25,450,194,Missed 3-pointer from 25 ft,GSW leads 79-60
2015-12-08,False,IND,3,09:11,False,2,2,218,57,Missed 2-pointer from 2 ft,GSW leads 85-66
2015-12-08,False,IND,3,03:30,True,2,1,226,45,Made 2-pointer from 1 ft,GSW now leads 102-74
2015-12-08,False,IND,3,02:38,True,2,8,215,127,Made 2-pointer from 8 ft,GSW now leads 104-77
2015-12-08,False,IND,3,00:31,False,3,28,437,258,Missed 3-pointer from 28 ft,GSW leads 109-80
2015-12-08,False,IND,3,00:03,True,2,19,399,156,Made 2-pointer from 19 ft,GSW now leads 111-83
2015-12-08,False,IND,4,03:49,True,2,18,316,219,Made 2-pointer from 18 ft,GSW now leads 125-112
2015-12-08,False,IND,4,03:07,False,3,26,408,258,Missed 3-pointer from 26 ft,GSW leads 125-114
2015-12-08,False,IND,4,01:43,False,2,4,267,86,Missed 2-pointer from 4 ft,GSW leads 127-116
2015-12-08,False,IND,4,00:36,True,2,3,206,57,Made 2-pointer from 3 ft,GSW now leads 129-120
2015-12-11,False,BOS,1,10:19,False,2,20,388,196,Missed 2-pointer from 20 ft,GSW leads 2-0
2015-12-11,False,BOS,1,09:23,True,3,26,380,273,Made 3-pointer from 26 ft,GSW now leads 7-3
2015-12-11,False,BOS,1,08:23,False,2,2,260,57,Missed 2-pointer from 2 ft,GSW leads 10-7
2015-12-11,False,BOS,1,07:45,False,3,27,383,282,Missed 3-pointer from 27 ft,GSW tied 10-10
2015-12-11,False,BOS,1,06:09,False,3,26,246,317,Missed 3-pointer from 26 ft,GSW trails 10-12
2015-12-11,False,BOS,1,05:42,False,2,5,293,58,Missed 2-pointer from 5 ft,GSW trails 10-12
2015-12-11,False,BOS,1,04:38,False,2,7,270,120,Missed 2-pointer from 7 ft,GSW trails 13-18
2015-12-11,False,BOS,1,03:56,True,2,1,252,53,Made 2-pointer from 1 ft,GSW now trails 15-18
2015-12-11,False,BOS,2,04:59,True,3,24,44,199,Made 3-pointer from 24 ft,GSW now leads 44-43
2015-12-11,False,BOS,2,04:13,True,3,29,422,278,Made 3-pointer from 29 ft,GSW now leads 47-45
2015-12-11,False,BOS,2,02:00,False,3,26,450,214,Missed 3-pointer from 26 ft,GSW leads 52-51
2015-12-11,False,BOS,2,00:08,False,3,26,368,287,Missed 3-pointer from 26 ft,GSW leads 57-53
2015-12-11,False,BOS,2,00:00,False,2,22,161,258,Missed 2-pointer from 22 ft,GSW leads 57-53
2015-12-11,False,BOS,3,10:32,True,3,24,260,297,Made 3-pointer from 24 ft,GSW now leads 64-56
2015-12-11,False,BOS,3,08:44,False,2,2,226,66,Missed 2-pointer from 2 ft,GSW leads 69-60
2015-12-11,False,BOS,3,06:32,False,2,21,403,184,Missed 2-pointer from 21 ft,GSW leads 69-62
2015-12-11,False,BOS,4,08:28,True,2,0,249,52,Made 2-pointer from 0 ft,GSW now trails 85-86
2015-12-11,False,BOS,4,05:40,True,3,25,282,297,Made 3-pointer from 25 ft,GSW now leads 94-92
2015-12-11,False,BOS,4,04:48,False,2,2,220,63,Missed 2-pointer from 2 ft,GSW tied 94-94
2015-12-11,False,BOS,4,03:20,False,2,19,385,179,Missed 2-pointer from 19 ft,GSW trails 96-99
2015-12-11,False,BOS,4,02:31,False,3,26,259,312,Missed 3-pointer from 26 ft,GSW trails 96-99
2015-12-11,False,BOS,4,02:28,False,2,1,235,64,Missed 2-pointer from 1 ft,GSW trails 96-99
2015-12-11,False,BOS,4,00:47,True,3,28,216,338,Made 3-pointer from 28 ft,GSW now leads 103-101
2015-12-11,False,BOS,4,00:24,False,2,17,93,145,Missed 2-pointer from 17 ft,GSW tied 103-103
2015-12-11,False,BOS,1,01:41,False,3,25,95,264,Missed 3-pointer from 25 ft,GSW leads 108-105
2015-12-11,False,BOS,1,00:54,True,2,1,250,52,Made 2-pointer from 1 ft,GSW now leads 110-108
2015-12-11,False,BOS,1,00:24,False,3,26,416,245,Missed 3-pointer from 26 ft,GSW tied 110-110
2015-12-12,False,MIL,1,11:07,False,3,29,166,332,Missed 3-pointer from 29 ft,GSW trails 0-2
2015-12-12,False,MIL,1,07:16,False,3,25,453,189,Missed 3-pointer from 25 ft,GSW trails 7-14
2015-12-12,False,MIL,1,06:30,True,2,1,250,57,Made 2-pointer from 1 ft,GSW now trails 9-16
2015-12-12,False,MIL,1,06:01,True,2,1,229,58,Made 2-pointer from 1 ft,GSW now trails 11-18
2015-12-12,False,MIL,1,05:16,True,3,22,462,39,Made 3-pointer from 22 ft,GSW now trails 14-18
2015-12-12,False,MIL,1,03:14,True,2,1,224,53,Made 2-pointer from 1 ft,GSW now trails 18-24
2015-12-12,False,MIL,1,02:45,False,2,13,233,189,Missed 2-pointer from 13 ft,GSW trails 18-26
2015-12-12,False,MIL,1,01:21,False,2,3,206,68,Missed 2-pointer from 3 ft,GSW trails 18-30
2015-12-12,False,MIL,1,01:15,False,3,23,3,39,Missed 3-pointer from 23 ft,GSW trails 18-30
2015-12-12,False,MIL,1,00:35,True,2,16,408,29,Made 2-pointer from 16 ft,GSW now trails 26-30
2015-12-12,False,MIL,2,03:04,False,2,9,241,140,Missed 2-pointer from 9 ft,GSW trails 38-50
2015-12-12,False,MIL,2,01:11,True,2,17,399,112,Made 2-pointer from 17 ft,GSW now trails 44-56
2015-12-12,False,MIL,2,00:02,False,2,1,227,64,Missed 2-pointer from 1 ft,GSW trails 46-59
2015-12-12,False,MIL,3,07:26,True,2,0,231,53,Made 2-pointer from 0 ft,GSW now trails 59-67
2015-12-12,False,MIL,3,05:49,False,3,27,326,307,Missed 3-pointer from 27 ft,GSW trails 64-70
2015-12-12,False,MIL,3,01:32,True,2,0,233,57,Made 2-pointer from 0 ft,GSW now trails 77-78
2015-12-12,False,MIL,3,01:02,False,2,19,49,53,Missed 2-pointer from 19 ft,GSW trails 77-78
2015-12-12,False,MIL,4,06:38,False,3,24,300,289,Missed 3-pointer from 24 ft,GSW trails 79-91
2015-12-12,False,MIL,4,04:44,True,3,26,393,264,Made 3-pointer from 26 ft,GSW now trails 86-95
2015-12-12,False,MIL,4,04:11,True,2,0,238,52,Made 2-pointer from 0 ft,GSW now trails 88-95
2015-12-12,False,MIL,4,03:39,False,3,26,128,292,Missed 3-pointer from 26 ft,GSW trails 88-97
2015-12-16,True,PHO,1,08:01,False,2,2,236,71,Missed 2-pointer from 2 ft,GSW leads 14-11
2015-12-16,True,PHO,1,06:28,True,2,17,318,204,Made 2-pointer from 17 ft,GSW now leads 16-11
2015-12-16,True,PHO,1,04:28,False,3,27,354,297,Missed 3-pointer from 27 ft,GSW leads 16-13
2015-12-16,True,PHO,1,02:03,False,3,24,133,274,Missed 3-pointer from 24 ft,GSW trails 19-24
2015-12-16,True,PHO,2,04:41,True,2,9,282,135,Made 2-pointer from 9 ft,GSW now trails 40-42
2015-12-16,True,PHO,2,03:07,True,3,25,148,287,Made 3-pointer from 25 ft,GSW now leads 51-44
2015-12-16,True,PHO,2,02:12,True,2,1,224,57,Made 2-pointer from 1 ft,GSW now leads 56-46
2015-12-16,True,PHO,2,01:41,True,3,25,393,258,Made 3-pointer from 25 ft,GSW now leads 59-46
2015-12-16,True,PHO,2,01:04,False,3,27,174,314,Missed 3-pointer from 27 ft,GSW leads 59-46
2015-12-16,True,PHO,3,09:39,True,2,10,293,145,Made 2-pointer from 10 ft,GSW now leads 68-49
2015-12-16,True,PHO,3,09:15,True,2,1,249,66,Made 2-pointer from 1 ft,GSW now leads 70-49
2015-12-16,True,PHO,3,07:15,True,2,1,240,61,Made 2-pointer from 1 ft,GSW now leads 77-55
2015-12-16,True,PHO,3,06:03,True,2,2,240,76,Made 2-pointer from 2 ft,GSW now leads 84-57
2015-12-16,True,PHO,3,00:49,True,2,20,360,215,Made 2-pointer from 20 ft,GSW now leads 103-65
2015-12-18,True,MIL,1,11:20,True,3,24,388,240,Made 3-pointer from 24 ft,GSW now leads 3-0
2015-12-18,True,MIL,1,08:52,True,2,2,218,61,Made 2-pointer from 2 ft,GSW now leads 10-7
2015-12-18,True,MIL,1,08:23,False,2,8,223,135,Missed 2-pointer from 8 ft,GSW leads 10-9
2015-12-18,True,MIL,1,06:48,True,2,10,203,147,Made 2-pointer from 10 ft,GSW now leads 16-15
2015-12-18,True,MIL,1,04:52,True,3,26,46,225,Made 3-pointer from 26 ft,GSW now leads 24-22
2015-12-18,True,MIL,1,00:02,False,3,27,36,233,Missed 3-pointer from 27 ft,GSW trails 33-36
2015-12-18,True,MIL,2,04:17,False,2,9,210,135,Missed 2-pointer from 9 ft,GSW trails 47-57
2015-12-18,True,MIL,2,00:27,False,3,25,282,302,Missed 3-pointer from 25 ft,GSW trails 58-68
2015-12-18,True,MIL,2,00:06,False,3,25,46,209,Missed 3-pointer from 25 ft,GSW trails 58-70
2015-12-18,True,MIL,3,04:33,True,2,21,28,58,Made 2-pointer from 21 ft,GSW now trails 78-81
2015-12-18,True,MIL,3,02:50,False,2,1,228,61,Missed 2-pointer from 1 ft,GSW trails 80-86
2015-12-18,True,MIL,4,02:52,True,2,4,246,91,Made 2-pointer from 4 ft,GSW now leads 108-106
2015-12-18,True,MIL,4,02:16,True,2,1,236,66,Made 2-pointer from 1 ft,GSW now leads 110-108
2015-12-18,True,MIL,4,00:51,False,3,24,457,170,Missed 3-pointer from 24 ft,GSW leads 115-110
2015-12-23,True,UTA,1,10:48,True,3,24,286,294,Made 3-pointer from 24 ft,GSW now leads 5-2
2015-12-23,True,UTA,1,09:31,False,2,20,395,179,Missed 2-pointer from 20 ft,GSW trails 5-7
2015-12-23,True,UTA,1,07:43,True,2,1,226,61,Made 2-pointer from 1 ft,GSW now leads 13-9
2015-12-23,True,UTA,1,07:13,False,3,25,148,292,Missed 3-pointer from 25 ft,GSW leads 13-9
2015-12-23,True,UTA,1,04:55,False,3,23,12,88,Missed 3-pointer from 23 ft,GSW leads 15-11
2015-12-23,True,UTA,1,00:29,True,2,10,144,78,Made 2-pointer from 10 ft,GSW now leads 21-13
2015-12-23,True,UTA,2,02:18,False,2,2,250,71,Missed 2-pointer from 2 ft,GSW leads 43-34
2015-12-23,True,UTA,2,00:03,False,3,24,398,240,Missed 3-pointer from 24 ft,GSW leads 47-38
2015-12-23,True,UTA,3,08:22,True,2,20,322,238,Made 2-pointer from 20 ft,GSW now leads 55-44
2015-12-23,True,UTA,3,04:15,False,3,27,69,268,Missed 3-pointer from 27 ft,GSW leads 59-49
2015-12-23,True,UTA,3,03:46,False,3,23,7,76,Missed 3-pointer from 23 ft,GSW leads 59-49
2015-12-23,True,UTA,3,02:04,False,3,24,-1,61,Missed 3-pointer from 24 ft,GSW leads 65-51
2015-12-23,True,UTA,3,01:09,False,2,3,231,81,Missed 2-pointer from 3 ft,GSW leads 67-56
2015-12-23,True,UTA,4,05:53,True,3,24,2,93,Made 3-pointer from 24 ft,GSW now leads 86-73
2015-12-25,True,CLE,1,08:17,False,2,1,244,66,Missed 2-pointer from 1 ft,GSW trails 4-5
2015-12-25,True,CLE,1,06:53,False,2,18,424,61,Missed 2-pointer from 18 ft,GSW trails 9-10
2015-12-25,True,CLE,1,04:10,False,2,8,239,135,Missed 2-pointer from 8 ft,GSW leads 16-12
2015-12-25,True,CLE,1,03:14,True,2,0,244,57,Made 2-pointer from 0 ft,GSW now leads 18-15
2015-12-25,True,CLE,1,02:15,True,3,29,36,263,Made 3-pointer from 29 ft,GSW now leads 24-15
2015-12-25,True,CLE,1,00:54,False,2,1,242,66,Missed 2-pointer from 1 ft,GSW leads 26-17
2015-12-25,True,CLE,3,07:07,True,2,2,228,71,Made 2-pointer from 2 ft,GSW now leads 56-49
2015-12-25,True,CLE,3,06:15,False,2,19,309,233,Missed 2-pointer from 19 ft,GSW leads 57-54
2015-12-25,True,CLE,3,05:07,True,2,3,257,78,Made 2-pointer from 3 ft,GSW now leads 59-54
2015-12-25,True,CLE,3,03:05,False,3,26,148,297,Missed 3-pointer from 26 ft,GSW leads 61-56
2015-12-25,True,CLE,4,03:03,False,2,2,233,76,Missed 2-pointer from 2 ft,GSW leads 81-73
2015-12-25,True,CLE,4,01:19,True,2,1,244,61,Made 2-pointer from 1 ft,GSW now leads 83-77
2015-12-25,True,CLE,4,00:58,True,2,2,241,71,Made 2-pointer from 2 ft,GSW now leads 85-80
2015-12-25,True,CLE,4,00:29,False,3,26,411,250,Missed 3-pointer from 26 ft,GSW leads 85-80
2015-12-28,True,SAC,1,11:07,False,3,25,262,302,Missed 3-pointer from 25 ft,GSW leads 1-0
2015-12-28,True,SAC,1,10:05,False,2,18,426,52,Missed 2-pointer from 18 ft,GSW leads 6-2
2015-12-28,True,SAC,1,09:28,False,3,24,179,292,Missed 3-pointer from 24 ft,GSW leads 6-4
2015-12-28,True,SAC,1,04:13,False,3,26,188,309,Missed 3-pointer from 26 ft,GSW leads 23-15
2015-12-28,True,SAC,2,05:27,False,3,24,449,184,Missed 3-pointer from 24 ft,GSW trails 39-43
2015-12-28,True,SAC,2,04:43,False,3,25,262,304,Missed 3-pointer from 25 ft,GSW trails 41-43
2015-12-28,True,SAC,2,03:16,True,3,25,43,219,Made 3-pointer from 25 ft,GSW now trails 44-47
2015-12-28,True,SAC,2,02:13,True,3,22,15,49,Made 3-pointer from 22 ft,GSW now trails 47-53
2015-12-28,True,SAC,2,01:08,True,3,26,185,312,Made 3-pointer from 26 ft,GSW now trails 50-53
2015-12-28,True,SAC,2,00:52,True,3,27,218,327,Made 3-pointer from 27 ft,GSW now trails 53-56
2015-12-28,True,SAC,2,00:34,True,2,2,234,76,Made 2-pointer from 2 ft,GSW now trails 55-59
2015-12-28,True,SAC,2,00:22,True,3,28,123,307,Made 3-pointer from 28 ft,GSW now trails 58-59
2015-12-28,True,SAC,3,10:38,False,3,25,71,243,Missed 3-pointer from 25 ft,GSW leads 64-62
2015-12-28,True,SAC,3,07:12,False,2,2,228,76,Missed 2-pointer from 2 ft,GSW leads 73-66
2015-12-28,True,SAC,3,04:10,False,3,23,475,78,Missed 3-pointer from 23 ft,GSW leads 81-71
2015-12-28,True,SAC,3,00:04,True,3,26,98,273,Made 3-pointer from 26 ft,GSW now leads 90-75
2016-01-02,True,DEN,1,09:25,True,2,1,233,61,Made 2-pointer from 1 ft,GSW now leads 13-2
2016-01-02,True,DEN,1,07:28,False,3,25,470,150,Missed 3-pointer from 25 ft,GSW leads 19-2
2016-01-02,True,DEN,1,05:21,False,3,24,3,96,Missed 3-pointer from 24 ft,GSW leads 23-4
2016-01-02,True,DEN,2,04:48,True,3,27,64,263,Made 3-pointer from 27 ft,GSW now leads 50-33
2016-01-02,True,DEN,2,04:25,False,3,25,15,179,Missed 3-pointer from 25 ft,GSW leads 50-33
2016-01-02,True,DEN,2,03:07,False,3,25,36,204,Missed 3-pointer from 25 ft,GSW leads 52-37
2016-01-04,True,CHO,1,11:19,True,3,25,54,230,Made 3-pointer from 25 ft,GSW now leads 3-2
2016-01-04,True,CHO,1,09:07,True,2,1,234,61,Made 2-pointer from 1 ft,GSW now leads 10-4
2016-01-04,True,CHO,1,08:19,False,3,27,33,225,Missed 3-pointer from 27 ft,GSW leads 12-6
2016-01-04,True,CHO,1,07:01,True,2,2,224,73,Made 2-pointer from 2 ft,GSW now leads 14-13
2016-01-04,True,CHO,1,06:38,False,3,22,465,49,Missed 3-pointer from 22 ft,GSW leads 14-13
2016-01-04,True,CHO,2,07:29,True,2,1,252,63,Made 2-pointer from 1 ft,GSW now leads 46-36
2016-01-04,True,CHO,2,06:55,True,3,27,259,322,Made 3-pointer from 27 ft,GSW now leads 49-39
2016-01-04,True,CHO,2,01:50,False,3,26,206,317,Missed 3-pointer from 26 ft,GSW leads 60-48
2016-01-04,True,CHO,2,00:14,True,2,9,329,71,Made 2-pointer from 9 ft,GSW now leads 62-54
2016-01-04,True,CHO,3,09:40,False,2,11,134,93,Missed 2-pointer from 11 ft,GSW leads 66-59
2016-01-04,True,CHO,3,09:06,False,2,18,408,135,Missed 2-pointer from 18 ft,GSW leads 66-62
2016-01-04,True,CHO,3,07:01,True,3,26,398,263,Made 3-pointer from 26 ft,GSW now leads 76-65
2016-01-04,True,CHO,3,06:13,True,2,2,252,66,Made 2-pointer from 2 ft,GSW now leads 78-65
2016-01-04,True,CHO,3,05:18,True,3,24,444,189,Made 3-pointer from 24 ft,GSW now leads 81-69
2016-01-04,True,CHO,4,05:34,True,3,25,252,307,Made 3-pointer from 25 ft,GSW now leads 104-87
2016-01-04,True,CHO,4,04:53,True,2,11,148,120,Made 2-pointer from 11 ft,GSW now leads 106-89
2016-01-04,True,CHO,4,03:04,False,3,27,426,248,Missed 3-pointer from 27 ft,GSW leads 106-93
2016-01-04,True,CHO,4,02:34,False,2,1,224,61,Missed 2-pointer from 1 ft,GSW leads 106-93
2016-01-04,True,CHO,4,01:55,False,2,2,218,63,Missed 2-pointer from 2 ft,GSW leads 106-95
2016-01-04,True,CHO,4,01:40,True,2,2,234,76,Made 2-pointer from 2 ft,GSW now leads 108-97
2016-01-04,True,CHO,4,00:43,False,3,26,427,233,Missed 3-pointer from 26 ft,GSW leads 111-101
2016-01-05,False,LAL,1,10:36,False,3,24,383,243,Missed 3-pointer from 24 ft,GSW leads 6-0
2016-01-05,False,LAL,1,08:07,False,2,2,244,76,Missed 2-pointer from 2 ft,GSW tied 12-12
2016-01-05,False,LAL,1,03:59,True,3,26,-15,57,Made 3-pointer from 26 ft,GSW now leads 28-18
2016-01-05,False,LAL,2,08:20,True,2,2,245,71,Made 2-pointer from 2 ft,GSW now leads 43-29
2016-01-05,False,LAL,2,07:09,True,3,26,46,228,Made 3-pointer from 26 ft,GSW now leads 48-34
2016-01-05,False,LAL,2,06:38,False,3,25,426,228,Missed 3-pointer from 25 ft,GSW leads 48-37
2016-01-05,False,LAL,2,03:42,False,2,1,249,66,Missed 2-pointer from 1 ft,GSW leads 53-40
2016-01-05,False,LAL,2,02:50,False,3,23,475,35,Missed 3-pointer from 23 ft,GSW leads 55-40
2016-01-05,False,LAL,2,00:09,True,3,25,381,264,Made 3-pointer from 25 ft,GSW now leads 62-44
2016-01-05,False,LAL,3,09:43,False,3,24,404,238,Missed 3-pointer from 24 ft,GSW leads 64-49
2016-01-05,False,LAL,3,09:10,False,2,6,180,44,Missed 2-pointer from 6 ft,GSW leads 64-51
2016-01-05,False,LAL,3,07:39,True,2,2,244,76,Made 2-pointer from 2 ft,GSW now leads 68-55
2016-01-05,False,LAL,3,05:34,True,3,23,3,29,Made 3-pointer from 23 ft,GSW now leads 76-55
2016-01-08,False,POR,1,11:00,True,3,22,467,58,Made 3-pointer from 22 ft,GSW now leads 3-0
2016-01-08,False,POR,1,09:49,True,2,13,152,155,Made 2-pointer from 13 ft,GSW now leads 5-1
2016-01-08,False,POR,1,08:56,False,2,20,447,53,Missed 2-pointer from 20 ft,GSW leads 7-1
2016-01-08,False,POR,1,08:05,False,3,22,467,57,Missed 3-pointer from 22 ft,GSW leads 9-2
2016-01-08,False,POR,1,06:56,False,3,24,105,255,Missed 3-pointer from 24 ft,GSW leads 12-4
2016-01-08,False,POR,1,05:34,True,2,1,249,57,Made 2-pointer from 1 ft,GSW now leads 17-6
2016-01-08,False,POR,1,05:05,True,2,1,259,52,Made 2-pointer from 1 ft,GSW now leads 19-6
2016-01-08,False,POR,2,06:31,False,3,24,444,184,Missed 3-pointer from 24 ft,GSW leads 51-35
2016-01-08,False,POR,2,02:15,False,2,1,252,57,Missed 2-pointer from 1 ft,GSW leads 67-48
2016-01-08,False,POR,2,00:26,False,3,25,89,250,Missed 3-pointer from 25 ft,GSW leads 74-52
2016-01-08,False,POR,3,10:27,False,3,25,87,253,Missed 3-pointer from 25 ft,GSW leads 78-55
2016-01-08,False,POR,3,07:11,True,2,0,233,57,Made 2-pointer from 0 ft,GSW now leads 87-67
2016-01-08,False,POR,3,04:36,False,3,24,303,287,Missed 3-pointer from 24 ft,GSW leads 92-70
2016-01-08,False,POR,3,03:07,True,3,24,252,292,Made 3-pointer from 24 ft,GSW now leads 96-75
2016-01-08,False,POR,3,02:23,True,3,24,360,263,Made 3-pointer from 24 ft,GSW now leads 101-80
2016-01-08,False,POR,3,01:58,False,2,1,252,52,Missed 2-pointer from 1 ft,GSW leads 101-82
2016-01-08,False,POR,3,01:34,False,3,26,49,230,Missed 3-pointer from 26 ft,GSW leads 101-82
2016-01-08,False,POR,3,00:10,True,3,28,53,264,Made 3-pointer from 28 ft,GSW now leads 106-87
2016-01-09,False,SAC,1,09:19,False,3,24,286,294,Missed 3-pointer from 24 ft,GSW trails 5-6
2016-01-09,False,SAC,1,08:32,True,3,22,465,66,Made 3-pointer from 22 ft,GSW now leads 8-6
2016-01-09,False,SAC,1,08:05,False,3,25,460,181,Missed 3-pointer from 25 ft,GSW leads 8-6
2016-01-09,False,SAC,1,03:42,False,3,25,156,289,Missed 3-pointer from 25 ft,GSW trails 16-21
2016-01-09,False,SAC,2,06:48,True,3,24,64,219,Made 3-pointer from 24 ft,GSW now trails 36-39
2016-01-09,False,SAC,2,05:24,True,2,9,244,140,Made 2-pointer from 9 ft,GSW now leads 43-41
2016-01-09,False,SAC,2,04:59,False,2,9,337,61,Missed 2-pointer from 9 ft,GSW tied 43-43
2016-01-09,False,SAC,2,04:21,False,3,25,197,299,Missed 3-pointer from 25 ft,GSW tied 43-43
2016-01-09,False,SAC,2,03:23,True,2,3,264,71,Made 2-pointer from 3 ft,GSW now leads 46-44
2016-01-09,False,SAC,2,02:20,True,3,28,286,328,Made 3-pointer from 28 ft,GSW now leads 51-48
2016-01-09,False,SAC,2,01:33,True,3,27,92,278,Made 3-pointer from 27 ft,GSW now leads 54-52
2016-01-09,False,SAC,2,00:33,False,3,27,453,224,Missed 3-pointer from 27 ft,GSW leads 57-56
2016-01-09,False,SAC,3,07:01,False,2,6,216,115,Missed 2-pointer from 6 ft,GSW leads 74-67
2016-01-09,False,SAC,3,03:05,False,3,24,221,297,Missed 3-pointer from 24 ft,GSW leads 83-76
2016-01-09,False,SAC,3,01:54,True,3,25,15,170,Made 3-pointer from 25 ft,GSW now leads 90-78
2016-01-09,False,SAC,4,06:38,True,2,7,252,120,Made 2-pointer from 7 ft,GSW now leads 108-97
2016-01-09,False,SAC,4,05:04,True,3,25,429,224,Made 3-pointer from 25 ft,GSW now leads 115-99
2016-01-09,False,SAC,4,04:40,False,2,3,277,61,Missed 2-pointer from 3 ft,GSW leads 115-102
2016-01-09,False,SAC,4,04:23,True,3,23,8,66,Made 3-pointer from 23 ft,GSW now leads 118-102
2016-01-09,False,SAC,4,00:52,True,3,26,35,219,Made 3-pointer from 26 ft,GSW now leads 125-116
2016-01-09,False,SAC,4,00:27,True,2,22,216,274,Made 2-pointer from 22 ft,GSW now leads 128-116
2016-01-11,True,MIA,1,09:53,False,2,22,238,273,Missed 2-pointer from 22 ft,GSW leads 4-2
2016-01-11,True,MIA,1,09:18,True,3,23,7,61,Made 3-pointer from 23 ft,GSW now leads 7-2
2016-01-11,True,MIA,1,08:05,False,2,6,236,115,Missed 2-pointer from 6 ft,GSW tied 7-7
2016-01-11,True,MIA,1,06:54,False,2,2,239,71,Missed 2-pointer from 2 ft,GSW trails 8-11
2016-01-11,True,MIA,1,05:50,True,2,2,236,71,Made 2-pointer from 2 ft,GSW now trails 10-15
2016-01-11,True,MIA,1,05:21,True,2,1,231,63,Made 2-pointer from 1 ft,GSW now trails 13-17
2016-01-11,True,MIA,1,03:15,False,2,1,231,66,Missed 2-pointer from 1 ft,GSW trails 21-23
2016-01-11,True,MIA,1,00:52,False,3,26,347,292,Missed 3-pointer from 26 ft,GSW tied 25-25
2016-01-11,True,MIA,1,00:03,True,2,7,233,125,Made 2-pointer from 7 ft,GSW now leads 27-25
2016-01-11,True,MIA,2,04:44,False,2,4,238,91,Missed 2-pointer from 4 ft,GSW leads 42-41
2016-01-11,True,MIA,2,03:57,True,2,16,308,204,Made 2-pointer from 16 ft,GSW now tied 45-45
2016-01-11,True,MIA,2,02:28,False,3,24,339,278,Missed 3-pointer from 24 ft,GSW tied 49-49
2016-01-11,True,MIA,2,01:26,True,3,27,38,238,Made 3-pointer from 27 ft,GSW now trails 52-54
2016-01-11,True,MIA,2,00:49,False,2,4,221,91,Missed 2-pointer from 4 ft,GSW trails 52-54
2016-01-11,True,MIA,3,08:48,True,2,1,234,58,Made 2-pointer from 1 ft,GSW now leads 64-56
2016-01-11,True,MIA,3,07:46,True,2,14,241,199,Made 2-pointer from 14 ft,GSW now leads 66-59
2016-01-11,True,MIA,3,07:14,False,3,29,426,284,Missed 3-pointer from 29 ft,GSW leads 66-59
2016-01-11,True,MIA,3,05:43,False,3,27,406,263,Missed 3-pointer from 27 ft,GSW leads 69-59
2016-01-11,True,MIA,3,05:10,False,2,2,262,68,Missed 2-pointer from 2 ft,GSW leads 69-61
2016-01-11,True,MIA,3,01:53,False,2,13,126,115,Missed 2-pointer from 13 ft,GSW leads 76-70
2016-01-11,True,MIA,3,00:49,False,3,22,467,31,Missed 3-pointer from 22 ft,GSW leads 80-73
2016-01-11,True,MIA,4,06:10,False,2,6,234,116,Missed 2-pointer from 6 ft,GSW leads 95-85
2016-01-11,True,MIA,4,05:10,False,3,26,462,199,Missed 3-pointer from 26 ft,GSW leads 98-88
2016-01-11,True,MIA,4,04:52,True,3,25,100,268,Made 3-pointer from 25 ft,GSW now leads 101-88
2016-01-11,True,MIA,4,01:42,True,2,18,367,184,Made 2-pointer from 18 ft,GSW now leads 107-97
2016-01-11,True,MIA,4,00:27,True,3,25,123,282,Made 3-pointer from 25 ft,GSW now leads 110-101
2016-01-13,False,DEN,1,10:37,False,2,1,223,49,Missed 2-pointer from 1 ft,GSW trails 1-2
2016-01-13,False,DEN,1,09:43,False,3,25,123,282,Missed 3-pointer from 25 ft,GSW trails 1-4
2016-01-13,False,DEN,1,08:23,True,3,25,383,258,Made 3-pointer from 25 ft,GSW now trails 6-9
2016-01-13,False,DEN,1,02:29,False,2,0,240,52,Missed 2-pointer from 0 ft,GSW trails 17-25
2016-01-13,False,DEN,1,00:46,False,3,25,426,228,Missed 3-pointer from 25 ft,GSW trails 22-27
2016-01-13,False,DEN,2,05:34,False,2,18,421,97,Missed 2-pointer from 18 ft,GSW trails 38-42
2016-01-13,False,DEN,2,03:21,False,3,25,390,258,Missed 3-pointer from 25 ft,GSW trails 40-46
2016-01-13,False,DEN,2,01:56,True,2,1,226,50,Made 2-pointer from 1 ft,GSW now trails 48-49
2016-01-13,False,DEN,2,01:24,True,3,26,404,260,Made 3-pointer from 26 ft,GSW now leads 52-51
2016-01-13,False,DEN,2,00:46,False,3,25,154,287,Missed 3-pointer from 25 ft,GSW trails 52-53
2016-01-13,False,DEN,3,08:41,True,2,16,97,125,Made 2-pointer from 16 ft,GSW now leads 62-60
2016-01-13,False,DEN,3,07:36,True,2,4,246,97,Made 2-pointer from 4 ft,GSW now leads 64-60
2016-01-13,False,DEN,3,06:28,False,3,25,368,268,Missed 3-pointer from 25 ft,GSW leads 66-62
2016-01-13,False,DEN,3,03:03,False,3,24,375,258,Missed 3-pointer from 24 ft,GSW trails 68-70
2016-01-13,False,DEN,3,00:39,False,3,26,139,297,Missed 3-pointer from 26 ft,GSW trails 71-79
2016-01-13,False,DEN,3,00:30,True,2,0,249,49,Made 2-pointer from 0 ft,GSW now trails 73-81
2016-01-13,False,DEN,3,00:02,False,2,0,249,53,Missed 2-pointer from 0 ft,GSW trails 73-83
2016-01-13,False,DEN,4,07:57,False,2,2,259,57,Missed 2-pointer from 2 ft,GSW trails 79-89
2016-01-13,False,DEN,4,06:02,True,2,1,257,53,Made 2-pointer from 1 ft,GSW now trails 85-94
2016-01-13,False,DEN,4,05:13,True,3,27,44,248,Made 3-pointer from 27 ft,GSW now trails 88-94
2016-01-13,False,DEN,4,03:38,True,2,1,228,58,Made 2-pointer from 1 ft,GSW now trails 93-100
2016-01-13,False,DEN,4,02:40,True,2,1,233,66,Made 2-pointer from 1 ft,GSW now trails 95-102
2016-01-13,False,DEN,4,01:44,True,3,24,390,240,Made 3-pointer from 24 ft,GSW now trails 100-104
2016-01-13,False,DEN,4,01:15,True,2,2,259,63,Made 2-pointer from 2 ft,GSW now trails 102-107
2016-01-13,False,DEN,4,00:37,True,3,33,102,353,Made 3-pointer from 33 ft,GSW now trails 107-109
2016-01-14,True,LAL,1,11:45,False,2,1,242,66,Missed 2-pointer from 1 ft,GSW tied 0-0
2016-01-14,True,LAL,1,09:15,False,3,27,33,228,Missed 3-pointer from 27 ft,GSW leads 5-4
2016-01-14,True,LAL,1,07:42,True,3,25,233,309,Made 3-pointer from 25 ft,GSW now leads 10-8
2016-01-14,True,LAL,1,06:02,True,3,27,283,317,Made 3-pointer from 27 ft,GSW now leads 13-10
2016-01-14,True,LAL,1,04:54,True,3,26,53,240,Made 3-pointer from 26 ft,GSW now leads 16-10
2016-01-14,True,LAL,1,04:03,False,3,26,432,228,Missed 3-pointer from 26 ft,GSW leads 16-13
2016-01-14,True,LAL,2,04:15,True,3,26,25,209,Made 3-pointer from 26 ft,GSW now leads 42-40
2016-01-14,True,LAL,2,01:10,True,3,26,141,292,Made 3-pointer from 26 ft,GSW now leads 50-47
2016-01-14,True,LAL,2,00:27,False,3,25,43,209,Missed 3-pointer from 25 ft,GSW leads 52-49
2016-01-14,True,LAL,2,00:21,False,3,23,5,97,Missed 3-pointer from 23 ft,GSW leads 52-49
2016-01-14,True,LAL,3,08:19,True,3,24,437,194,Made 3-pointer from 24 ft,GSW now leads 63-57
2016-01-14,True,LAL,3,06:44,False,3,24,424,214,Missed 3-pointer from 24 ft,GSW leads 65-61
2016-01-14,True,LAL,3,05:29,True,3,26,385,273,Made 3-pointer from 26 ft,GSW now leads 68-63
2016-01-14,True,LAL,3,04:22,True,3,24,2,106,Made 3-pointer from 24 ft,GSW now leads 73-66
2016-01-14,True,LAL,3,03:50,False,3,25,409,240,Missed 3-pointer from 25 ft,GSW leads 73-68
2016-01-14,True,LAL,3,00:44,True,2,0,240,51,Made 2-pointer from 0 ft,GSW now leads 84-70
2016-01-14,True,LAL,3,00:30,False,3,30,416,297,Missed 3-pointer from 30 ft,GSW leads 84-70
2016-01-16,False,DET,1,11:43,False,3,26,82,258,Missed 3-pointer from 26 ft,GSW tied 0-0
2016-01-16,False,DET,1,10:16,False,3,26,355,289,Missed 3-pointer from 26 ft,GSW trails 2-5
2016-01-16,False,DET,1,08:30,True,2,15,200,201,Made 2-pointer from 15 ft,GSW now trails 4-9
2016-01-16,False,DET,1,04:49,True,2,1,231,44,Made 2-pointer from 1 ft,GSW now trails 13-21
2016-01-16,False,DET,1,03:44,True,3,29,143,332,Made 3-pointer from 29 ft,GSW now trails 16-21
2016-01-16,False,DET,1,01:45,True,3,26,77,263,Made 3-pointer from 26 ft,GSW now trails 24-25
2016-01-16,False,DET,2,06:38,False,3,27,180,319,Missed 3-pointer from 27 ft,GSW trails 33-44
2016-01-16,False,DET,2,05:30,True,2,16,93,117,Made 2-pointer from 16 ft,GSW now trails 38-47
2016-01-16,False,DET,2,05:00,False,3,27,49,248,Missed 3-pointer from 27 ft,GSW trails 38-49
2016-01-16,False,DET,2,01:58,True,2,0,239,52,Made 2-pointer from 0 ft,GSW now trails 47-56
2016-01-16,False,DET,2,01:33,False,3,27,311,317,Missed 3-pointer from 27 ft,GSW trails 47-56
2016-01-16,False,DET,2,00:46,False,2,6,304,76,Missed 2-pointer from 6 ft,GSW trails 47-60
2016-01-16,False,DET,3,10:55,False,2,15,322,184,Missed 2-pointer from 15 ft,GSW trails 49-68
2016-01-16,False,DET,3,10:31,True,2,0,238,49,Made 2-pointer from 0 ft,GSW now trails 51-68
2016-01-16,False,DET,3,09:49,False,2,18,383,160,Missed 2-pointer from 18 ft,GSW trails 51-68
2016-01-16,False,DET,3,08:21,False,2,6,238,112,Missed 2-pointer from 6 ft,GSW trails 53-70
2016-01-16,False,DET,3,07:05,True,3,25,453,191,Made 3-pointer from 25 ft,GSW now trails 56-70
2016-01-16,False,DET,3,06:17,True,3,26,89,263,Made 3-pointer from 26 ft,GSW now trails 59-71
2016-01-16,False,DET,3,03:57,True,3,26,126,284,Made 3-pointer from 26 ft,GSW now trails 66-78
2016-01-16,False,DET,3,03:18,False,3,25,329,292,Missed 3-pointer from 25 ft,GSW trails 66-78
2016-01-16,False,DET,3,01:30,True,3,26,365,284,Made 3-pointer from 26 ft,GSW now trails 73-83
2016-01-16,False,DET,3,00:32,False,3,24,2,91,Missed 3-pointer from 24 ft,GSW trails 73-85
2016-01-16,False,DET,3,00:02,False,2,7,301,86,Missed 2-pointer from 7 ft,GSW trails 73-85
2016-01-16,False,DET,4,06:31,True,3,26,334,302,Made 3-pointer from 26 ft,GSW now trails 81-101
2016-01-16,False,DET,4,06:01,True,2,15,167,191,Made 2-pointer from 15 ft,GSW now trails 83-103
2016-01-16,False,DET,4,03:15,False,3,25,473,150,Missed 3-pointer from 25 ft,GSW trails 90-107
2016-01-18,False,CLE,1,11:03,True,3,28,115,304,Made 3-pointer from 28 ft,GSW now leads 5-2
2016-01-18,False,CLE,1,09:49,True,2,1,224,49,Made 2-pointer from 1 ft,GSW now leads 12-2
2016-01-18,False,CLE,1,06:46,False,3,24,49,210,Missed 3-pointer from 24 ft,GSW leads 15-7
2016-01-18,False,CLE,1,05:49,True,3,23,450,165,Made 3-pointer from 23 ft,GSW now leads 18-11
2016-01-18,False,CLE,1,01:58,True,2,1,233,40,Made 2-pointer from 1 ft,GSW now leads 28-17
2016-01-18,False,CLE,1,01:18,True,3,27,190,317,Made 3-pointer from 27 ft,GSW now leads 31-19
2016-01-18,False,CLE,1,00:58,True,3,24,453,165,Made 3-pointer from 24 ft,GSW now leads 34-19
2016-01-18,False,CLE,2,05:26,True,2,0,231,52,Made 2-pointer from 0 ft,GSW now leads 54-32
2016-01-18,False,CLE,2,04:52,False,2,4,231,91,Missed 2-pointer from 4 ft,GSW leads 55-32
2016-01-18,False,CLE,2,04:32,True,2,0,242,44,Made 2-pointer from 0 ft,GSW now leads 57-32
2016-01-18,False,CLE,3,10:33,True,3,24,373,253,Made 3-pointer from 24 ft,GSW now leads 79-44
2016-01-18,False,CLE,3,09:42,False,3,25,23,184,Missed 3-pointer from 25 ft,GSW leads 79-44
2016-01-18,False,CLE,3,06:58,False,3,26,25,201,Missed 3-pointer from 26 ft,GSW leads 84-51
2016-01-18,False,CLE,3,05:04,True,3,24,-5,63,Made 3-pointer from 24 ft,GSW now leads 87-52
2016-01-18,False,CLE,3,04:33,False,3,28,108,307,Missed 3-pointer from 28 ft,GSW leads 87-52
2016-01-18,False,CLE,3,04:09,True,2,0,233,52,Made 2-pointer from 0 ft,GSW now leads 89-54
2016-01-18,False,CLE,3,00:42,True,3,25,303,299,Made 3-pointer from 25 ft,GSW now leads 104-64
2016-01-18,False,CLE,3,00:12,False,3,25,331,284,Missed 3-pointer from 25 ft,GSW leads 104-67
2016-01-20,False,CHI,1,10:54,False,3,25,98,260,Missed 3-pointer from 25 ft,GSW trails 0-2
2016-01-20,False,CHI,1,08:42,True,3,24,283,287,Made 3-pointer from 24 ft,GSW now trails 5-6
2016-01-20,False,CHI,1,07:57,False,3,24,332,282,Missed 3-pointer from 24 ft,GSW trails 7-8
2016-01-20,False,CHI,1,06:45,False,2,1,221,52,Missed 2-pointer from 1 ft,GSW leads 11-10
2016-01-20,False,CHI,1,06:12,True,2,0,234,52,Made 2-pointer from 0 ft,GSW now leads 13-12
2016-01-20,False,CHI,1,05:24,True,2,18,141,209,Made 2-pointer from 18 ft,GSW now leads 18-14
2016-01-20,False,CHI,1,01:22,True,2,22,44,161,Made 2-pointer from 22 ft,GSW now leads 29-17
2016-01-20,False,CHI,1,00:44,False,3,25,84,253,Missed 3-pointer from 25 ft,GSW leads 29-17
2016-01-20,False,CHI,2,00:39,False,2,21,349,230,Missed 2-pointer from 21 ft,GSW leads 61-44
2016-01-20,False,CHI,3,09:05,False,2,11,352,88,Missed 2-pointer from 11 ft,GSW leads 65-48
2016-01-20,False,CHI,3,08:04,False,2,2,220,54,Missed 2-pointer from 2 ft,GSW leads 65-52
2016-01-20,False,CHI,3,08:01,True,2,8,154,50,Made 2-pointer from 8 ft,GSW now leads 67-52
2016-01-20,False,CHI,3,06:35,False,3,26,120,282,Missed 3-pointer from 26 ft,GSW leads 67-54
2016-01-20,False,CHI,3,03:57,False,3,24,257,299,Missed 3-pointer from 24 ft,GSW leads 73-59
2016-01-20,False,CHI,3,02:56,True,3,24,377,253,Made 3-pointer from 24 ft,GSW now leads 76-61
2016-01-20,False,CHI,3,00:10,True,2,0,240,51,Made 2-pointer from 0 ft,GSW now leads 87-63
2016-01-20,False,CHI,4,05:54,True,3,25,280,302,Made 3-pointer from 25 ft,GSW now leads 104-82
2016-01-20,False,CHI,4,05:14,False,3,25,413,233,Missed 3-pointer from 25 ft,GSW leads 104-84
2016-01-22,True,IND,1,10:37,True,3,24,354,263,Made 3-pointer from 24 ft,GSW now leads 7-2
2016-01-22,True,IND,1,09:42,False,3,26,377,282,Missed 3-pointer from 26 ft,GSW leads 7-4
2016-01-22,True,IND,1,06:23,True,3,25,224,309,Made 3-pointer from 25 ft,GSW now leads 20-8
2016-01-22,True,IND,1,03:44,False,2,19,89,179,Missed 2-pointer from 19 ft,GSW leads 27-13
2016-01-22,True,IND,1,01:57,False,3,25,337,287,Missed 3-pointer from 25 ft,GSW leads 30-17
2016-01-22,True,IND,2,04:48,False,3,24,367,260,Missed 3-pointer from 24 ft,GSW leads 48-39
2016-01-22,True,IND,2,00:28,True,3,28,339,319,Made 3-pointer from 28 ft,GSW now leads 61-51
2016-01-22,True,IND,3,08:13,False,3,24,324,282,Missed 3-pointer from 24 ft,GSW leads 67-59
2016-01-22,True,IND,3,07:58,True,3,25,345,278,Made 3-pointer from 25 ft,GSW now leads 70-59
2016-01-22,True,IND,3,06:59,False,3,23,468,91,Missed 3-pointer from 23 ft,GSW leads 70-59
2016-01-22,True,IND,3,06:26,True,3,22,12,68,Made 3-pointer from 22 ft,GSW now leads 73-61
2016-01-22,True,IND,3,05:49,False,3,26,322,304,Missed 3-pointer from 26 ft,GSW leads 73-61
2016-01-22,True,IND,3,00:43,False,3,27,87,279,Missed 3-pointer from 27 ft,GSW leads 84-73
2016-01-22,True,IND,4,06:32,True,2,2,260,57,Made 2-pointer from 2 ft,GSW now leads 100-89
2016-01-22,True,IND,4,05:31,True,2,13,241,181,Made 2-pointer from 13 ft,GSW now leads 102-93
2016-01-22,True,IND,4,04:16,True,3,25,354,278,Made 3-pointer from 25 ft,GSW now leads 109-96
2016-01-22,True,IND,4,03:26,True,3,23,7,68,Made 3-pointer from 23 ft,GSW now leads 112-98
2016-01-22,True,IND,4,02:26,True,2,1,241,63,Made 2-pointer from 1 ft,GSW now leads 114-98
2016-01-25,True,SAS,1,11:03,False,3,24,2,81,Missed 3-pointer from 24 ft,GSW tied 2-2
2016-01-25,True,SAS,1,08:51,True,3,27,280,327,Made 3-pointer from 27 ft,GSW now leads 9-4
2016-01-25,True,SAS,1,07:55,True,2,1,240,61,Made 2-pointer from 1 ft,GSW now leads 11-7
2016-01-25,True,SAS,1,07:23,True,3,26,71,255,Made 3-pointer from 26 ft,GSW now leads 14-7
2016-01-25,True,SAS,1,06:22,False,2,2,239,76,Missed 2-pointer from 2 ft,GSW leads 16-12
2016-01-25,True,SAS,1,02:39,False,2,4,257,91,Missed 2-pointer from 4 ft,GSW leads 22-14
2016-01-25,True,SAS,1,01:31,True,3,22,467,83,Made 3-pointer from 22 ft,GSW now leads 25-16
2016-01-25,True,SAS,1,00:04,True,2,2,242,76,Made 2-pointer from 2 ft,GSW now leads 29-23
2016-01-25,True,SAS,2,05:00,True,2,10,215,147,Made 2-pointer from 10 ft,GSW now leads 51-37
2016-01-25,True,SAS,2,02:49,True,2,21,421,160,Made 2-pointer from 21 ft,GSW now leads 57-38
2016-01-25,True,SAS,2,02:17,False,2,2,220,59,Missed 2-pointer from 2 ft,GSW leads 57-40
2016-01-25,True,SAS,3,08:51,True,2,12,242,174,Made 2-pointer from 12 ft,GSW now leads 70-54
2016-01-25,True,SAS,3,08:20,True,3,25,254,307,Made 3-pointer from 25 ft,GSW now leads 73-54
2016-01-25,True,SAS,3,07:55,True,3,27,200,323,Made 3-pointer from 27 ft,GSW now leads 76-56
2016-01-25,True,SAS,3,07:24,False,3,25,329,289,Missed 3-pointer from 25 ft,GSW leads 76-56
2016-01-25,True,SAS,3,06:31,False,2,1,229,66,Missed 2-pointer from 1 ft,GSW leads 79-60
2016-01-25,True,SAS,3,04:42,True,2,3,264,81,Made 2-pointer from 3 ft,GSW now leads 84-62
2016-01-25,True,SAS,3,02:09,False,3,28,116,309,Missed 3-pointer from 28 ft,GSW leads 89-65
2016-01-25,True,SAS,3,01:21,False,2,3,265,81,Missed 2-pointer from 3 ft,GSW leads 89-65
2016-01-25,True,SAS,3,01:14,True,3,23,470,49,Made 3-pointer from 23 ft,GSW now leads 92-65
2016-01-27,True,DAL,1,10:45,False,2,19,341,215,Missed 2-pointer from 19 ft,GSW leads 5-2
2016-01-27,True,DAL,1,10:14,False,3,28,131,317,Missed 3-pointer from 28 ft,GSW leads 6-2
2016-01-27,True,DAL,1,05:54,False,3,23,13,101,Missed 3-pointer from 23 ft,GSW leads 20-6
2016-01-27,True,DAL,1,04:45,False,3,23,7,73,Missed 3-pointer from 23 ft,GSW leads 20-11
2016-01-27,True,DAL,2,05:29,True,2,1,250,66,Made 2-pointer from 1 ft,GSW now leads 42-34
2016-01-27,True,DAL,2,04:16,False,2,17,349,181,Missed 2-pointer from 17 ft,GSW leads 46-39
2016-01-27,True,DAL,2,03:44,False,3,23,3,53,Missed 3-pointer from 23 ft,GSW leads 46-41
2016-01-27,True,DAL,2,00:03,False,2,21,349,230,Missed 2-pointer from 21 ft,GSW leads 56-48
2016-01-27,True,DAL,3,10:02,True,3,25,426,219,Made 3-pointer from 25 ft,GSW now leads 63-53
2016-01-27,True,DAL,3,07:09,True,3,26,262,312,Made 3-pointer from 26 ft,GSW now leads 68-64
2016-01-27,True,DAL,3,06:47,True,3,28,393,292,Made 3-pointer from 28 ft,GSW now leads 71-64
2016-01-30,False,PHI,1,11:35,False,2,10,146,96,Missed 2-pointer from 10 ft,GSW tied 0-0
2016-01-30,False,PHI,1,09:18,False,3,24,472,140,Missed 3-pointer from 24 ft,GSW leads 6-5
2016-01-30,False,PHI,1,08:31,False,3,23,5,64,Missed 3-pointer from 23 ft,GSW trails 6-8
2016-01-30,False,PHI,1,06:08,True,3,24,62,224,Made 3-pointer from 24 ft,GSW now trails 13-17
2016-01-30,False,PHI,1,02:56,True,2,4,282,44,Made 2-pointer from 4 ft,GSW now leads 27-19
2016-01-30,False,PHI,1,01:52,True,3,23,3,81,Made 3-pointer from 23 ft,GSW now leads 32-23
2016-01-30,False,PHI,1,00:26,False,3,25,288,302,Missed 3-pointer from 25 ft,GSW leads 34-28
2016-01-30,False,PHI,2,00:56,True,3,25,156,289,Made 3-pointer from 25 ft,GSW now leads 69-52
2016-01-30,False,PHI,2,00:03,True,2,1,226,39,Made 2-pointer from 1 ft,GSW now leads 73-54
2016-01-30,False,PHI,3,07:22,True,2,2,244,76,Made 2-pointer from 2 ft,GSW now leads 82-58
2016-01-30,False,PHI,3,05:40,False,3,26,250,319,Missed 3-pointer from 26 ft,GSW leads 84-62
2016-01-30,False,PHI,3,04:46,False,3,25,238,309,Missed 3-pointer from 25 ft,GSW leads 84-62
2016-01-30,False,PHI,4,08:07,True,3,25,224,307,Made 3-pointer from 25 ft,GSW now leads 96-83
2016-01-30,False,PHI,4,07:02,False,2,2,221,39,Missed 2-pointer from 2 ft,GSW leads 98-85
2016-01-30,False,PHI,4,07:00,False,2,1,230,55,Missed 2-pointer from 1 ft,GSW leads 98-85
2016-01-30,False,PHI,4,04:25,False,2,6,290,91,Missed 2-pointer from 6 ft,GSW leads 100-90
2016-01-30,False,PHI,4,03:45,True,3,25,167,292,Made 3-pointer from 25 ft,GSW now leads 103-90
2016-01-30,False,PHI,4,03:10,False,3,27,250,328,Missed 3-pointer from 27 ft,GSW leads 103-92
2016-01-30,False,PHI,4,00:47,True,2,0,246,50,Made 2-pointer from 0 ft,GSW now leads 105-99
2016-01-31,False,NYK,1,11:42,False,3,27,359,302,Missed 3-pointer from 27 ft,GSW tied 0-0
2016-01-31,False,NYK,1,10:27,False,3,25,90,250,Missed 3-pointer from 25 ft,GSW tied 0-0
2016-01-31,False,NYK,1,09:48,False,2,18,185,228,Missed 2-pointer from 18 ft,GSW tied 0-0
2016-01-31,False,NYK,1,09:19,True,2,1,242,61,Made 2-pointer from 1 ft,GSW now leads 2-0
2016-01-31,False,NYK,1,06:27,False,3,24,2,101,Missed 3-pointer from 24 ft,GSW leads 7-5
2016-01-31,False,NYK,1,06:23,False,3,23,8,31,Missed 3-pointer from 23 ft,GSW leads 7-5
2016-01-31,False,NYK,1,02:59,True,3,23,134,264,Made 3-pointer from 23 ft,GSW now trails 12-16
2016-01-31,False,NYK,1,00:31,True,3,26,331,297,Made 3-pointer from 26 ft,GSW now trails 18-20
2016-01-31,False,NYK,1,00:02,False,2,5,195,83,Missed 2-pointer from 5 ft,GSW trails 18-20
2016-01-31,False,NYK,3,10:50,False,3,24,107,253,Missed 3-pointer from 24 ft,GSW leads 55-49
2016-01-31,False,NYK,3,10:29,True,2,12,146,132,Made 2-pointer from 12 ft,GSW now leads 57-49
2016-01-31,False,NYK,3,07:36,False,2,2,216,63,Missed 2-pointer from 2 ft,GSW leads 64-53
2016-01-31,False,NYK,3,06:22,False,3,25,349,278,Missed 3-pointer from 25 ft,GSW leads 67-55
2016-01-31,False,NYK,3,05:10,False,2,0,233,50,Missed 2-pointer from 0 ft,GSW leads 69-58
2016-01-31,False,NYK,3,04:18,False,3,24,103,253,Missed 3-pointer from 24 ft,GSW leads 71-58
2016-01-31,False,NYK,4,07:29,True,3,27,72,268,Made 3-pointer from 27 ft,GSW now leads 92-76
2016-01-31,False,NYK,4,05:48,False,3,26,283,307,Missed 3-pointer from 26 ft,GSW leads 97-79
2016-02-03,False,WAS,1,09:08,True,3,26,391,268,Made 3-pointer from 26 ft,GSW now leads 7-5
2016-02-03,False,WAS,1,07:59,True,3,25,21,174,Made 3-pointer from 25 ft,GSW now leads 12-8
2016-02-03,False,WAS,1,07:36,True,3,27,435,248,Made 3-pointer from 27 ft,GSW now leads 15-8
2016-02-03,False,WAS,1,06:28,True,3,25,118,278,Made 3-pointer from 25 ft,GSW now leads 21-8
2016-02-03,False,WAS,1,05:48,True,2,1,249,34,Made 2-pointer from 1 ft,GSW now leads 23-11
2016-02-03,False,WAS,1,05:27,True,3,24,192,289,Made 3-pointer from 24 ft,GSW now leads 26-13
2016-02-03,False,WAS,1,04:58,False,3,23,7,53,Missed 3-pointer from 23 ft,GSW leads 26-13
2016-02-03,False,WAS,1,03:09,True,3,25,92,255,Made 3-pointer from 25 ft,GSW now leads 34-18
2016-02-03,False,WAS,1,02:39,True,3,25,224,302,Made 3-pointer from 25 ft,GSW now leads 37-20
2016-02-03,False,WAS,1,00:03,True,2,20,352,224,Made 2-pointer from 20 ft,GSW now leads 43-28
2016-02-03,False,WAS,2,05:11,True,2,0,233,50,Made 2-pointer from 0 ft,GSW now leads 57-46
2016-02-03,False,WAS,2,04:28,True,2,1,244,34,Made 2-pointer from 1 ft,GSW now leads 59-46
2016-02-03,False,WAS,2,03:15,True,2,0,239,53,Made 2-pointer from 0 ft,GSW now leads 63-50
2016-02-03,False,WAS,2,00:30,True,3,26,391,268,Made 3-pointer from 26 ft,GSW now leads 72-57
2016-02-03,False,WAS,3,09:09,False,3,25,395,250,Missed 3-pointer from 25 ft,GSW leads 79-72
2016-02-03,False,WAS,3,06:33,False,2,2,224,63,Missed 2-pointer from 2 ft,GSW leads 81-79
2016-02-03,False,WAS,3,04:57,True,2,9,254,145,Made 2-pointer from 9 ft,GSW now leads 87-79
2016-02-03,False,WAS,3,04:28,False,2,13,308,171,Missed 2-pointer from 13 ft,GSW leads 87-81
2016-02-03,False,WAS,3,04:07,False,3,25,362,279,Missed 3-pointer from 25 ft,GSW leads 87-83
2016-02-03,False,WAS,3,02:48,True,3,26,31,219,Made 3-pointer from 26 ft,GSW now leads 96-84
2016-02-03,False,WAS,3,02:09,True,3,28,447,253,Made 3-pointer from 28 ft,GSW now leads 100-86
2016-02-03,False,WAS,3,01:39,False,2,0,231,49,Missed 2-pointer from 0 ft,GSW leads 100-88
2016-02-03,False,WAS,3,01:16,False,3,28,362,307,Missed 3-pointer from 28 ft,GSW leads 100-90
2016-02-03,False,WAS,3,01:12,False,2,12,359,76,Missed 2-pointer from 12 ft,GSW leads 100-90
2016-02-03,False,WAS,4,06:22,False,3,26,97,279,Missed 3-pointer from 26 ft,GSW leads 116-106
2016-02-03,False,WAS,4,04:22,True,3,28,28,238,Made 3-pointer from 28 ft,GSW now leads 120-109
2016-02-03,False,WAS,4,02:53,True,2,0,236,52,Made 2-pointer from 0 ft,GSW now leads 125-113
2016-02-03,False,WAS,4,02:35,True,2,2,216,50,Made 2-pointer from 2 ft,GSW now leads 127-115
2016-02-06,True,OKC,1,10:34,False,3,25,54,225,Missed 3-pointer from 25 ft,GSW trails 0-7
2016-02-06,True,OKC,1,08:17,False,2,17,368,165,Missed 2-pointer from 17 ft,GSW trails 8-14
2016-02-06,True,OKC,1,07:05,False,3,31,62,312,Missed 3-pointer from 31 ft,GSW trails 13-16
2016-02-06,True,OKC,1,05:34,True,3,25,272,307,Made 3-pointer from 25 ft,GSW now trails 19-23
2016-02-06,True,OKC,1,03:22,True,2,2,240,71,Made 2-pointer from 2 ft,GSW now trails 26-29
2016-02-06,True,OKC,1,02:31,False,2,2,252,71,Missed 2-pointer from 2 ft,GSW tied 29-29
2016-02-06,True,OKC,1,01:34,False,3,25,314,292,Missed 3-pointer from 25 ft,GSW leads 31-29
2016-02-06,True,OKC,2,02:23,False,3,25,228,307,Missed 3-pointer from 25 ft,GSW leads 65-49
2016-02-06,True,OKC,2,01:02,True,2,21,235,267,Made 2-pointer from 21 ft,GSW now leads 71-55
2016-02-06,True,OKC,2,00:06,True,2,16,98,140,Made 2-pointer from 16 ft,GSW now leads 73-59
2016-02-06,True,OKC,3,10:43,False,2,16,267,215,Missed 2-pointer from 16 ft,GSW leads 73-61
2016-02-06,True,OKC,3,07:59,True,2,1,233,61,Made 2-pointer from 1 ft,GSW now leads 81-65
2016-02-06,True,OKC,3,07:13,False,2,9,177,127,Missed 2-pointer from 9 ft,GSW leads 81-65
2016-02-06,True,OKC,3,06:58,True,2,1,244,66,Made 2-pointer from 1 ft,GSW now leads 83-65
2016-02-06,True,OKC,3,01:34,False,2,1,229,52,Missed 2-pointer from 1 ft,GSW leads 89-75
2016-02-06,True,OKC,3,00:47,True,2,3,236,88,Made 2-pointer from 3 ft,GSW now leads 91-81
2016-02-06,True,OKC,3,00:13,False,3,25,144,282,Missed 3-pointer from 25 ft,GSW leads 91-83
2016-02-06,True,OKC,4,06:40,False,2,1,236,61,Missed 2-pointer from 1 ft,GSW leads 99-92
2016-02-06,True,OKC,4,06:20,False,2,3,215,76,Missed 2-pointer from 3 ft,GSW leads 99-92
2016-02-06,True,OKC,4,04:40,False,3,25,144,287,Missed 3-pointer from 25 ft,GSW leads 103-100
2016-02-06,True,OKC,4,04:10,False,2,8,234,135,Missed 2-pointer from 8 ft,GSW leads 103-102
2016-02-06,True,OKC,4,02:24,True,2,1,254,61,Made 2-pointer from 1 ft,GSW now leads 107-104
2016-02-06,True,OKC,4,01:20,False,3,27,426,253,Missed 3-pointer from 27 ft,GSW leads 110-106
2016-02-06,True,OKC,4,00:54,True,2,2,233,78,Made 2-pointer from 2 ft,GSW now leads 112-106
2016-02-06,True,OKC,4,00:34,True,2,17,373,161,Made 2-pointer from 17 ft,GSW now leads 114-108
2016-02-09,True,HOU,1,10:16,True,3,30,84,309,Made 3-pointer from 30 ft,GSW now leads 7-2
2016-02-09,True,HOU,1,09:59,True,2,2,252,66,Made 2-pointer from 2 ft,GSW now leads 9-2
2016-02-09,True,HOU,1,08:07,True,2,1,242,61,Made 2-pointer from 1 ft,GSW now leads 13-8
2016-02-09,True,HOU,1,03:59,True,3,25,56,224,Made 3-pointer from 25 ft,GSW now leads 24-16
2016-02-09,True,HOU,1,03:33,True,3,25,170,292,Made 3-pointer from 25 ft,GSW now leads 27-18
2016-02-09,True,HOU,1,03:02,True,3,22,12,52,Made 3-pointer from 22 ft,GSW now leads 30-18
2016-02-09,True,HOU,1,01:20,True,3,26,31,220,Made 3-pointer from 26 ft,GSW now leads 38-22
2016-02-09,True,HOU,1,00:03,False,3,29,377,314,Missed 3-pointer from 29 ft,GSW leads 42-27
2016-02-09,True,HOU,2,06:06,False,2,2,252,66,Missed 2-pointer from 2 ft,GSW leads 54-41
2016-02-09,True,HOU,2,02:46,True,3,31,216,361,Made 3-pointer from 31 ft,GSW now leads 65-54
2016-02-09,True,HOU,2,02:11,False,2,5,249,102,Missed 2-pointer from 5 ft,GSW leads 66-57
2016-02-09,True,HOU,2,00:46,True,2,2,220,53,Made 2-pointer from 2 ft,GSW now leads 69-61
2016-02-09,True,HOU,3,11:30,False,3,25,210,304,Missed 3-pointer from 25 ft,GSW leads 69-68
2016-02-09,True,HOU,3,09:54,False,3,24,0,57,Missed 3-pointer from 24 ft,GSW trails 69-74
2016-02-09,True,HOU,3,09:23,True,2,1,240,66,Made 2-pointer from 1 ft,GSW now trails 71-74
2016-02-09,True,HOU,3,08:40,False,3,25,295,302,Missed 3-pointer from 25 ft,GSW trails 71-74
2016-02-09,True,HOU,3,07:58,True,2,2,262,66,Made 2-pointer from 2 ft,GSW now trails 73-74
2016-02-09,True,HOU,3,07:12,False,3,25,431,220,Missed 3-pointer from 25 ft,GSW trails 73-74
2016-02-09,True,HOU,3,02:02,True,3,26,195,312,Made 3-pointer from 26 ft,GSW now tied 90-90
2016-02-09,True,HOU,3,01:29,False,3,26,141,299,Missed 3-pointer from 26 ft,GSW tied 90-90
2016-02-09,True,HOU,4,06:23,False,3,26,450,219,Missed 3-pointer from 26 ft,GSW leads 110-99
2016-02-09,True,HOU,4,04:38,False,2,10,327,117,Missed 2-pointer from 10 ft,GSW leads 112-101
2016-02-09,True,HOU,4,03:30,False,3,26,447,219,Missed 3-pointer from 26 ft,GSW leads 112-103
2016-02-09,True,HOU,4,01:22,False,3,25,250,302,Missed 3-pointer from 25 ft,GSW leads 118-108
2016-02-10,False,PHO,1,11:22,True,2,12,367,49,Made 2-pointer from 12 ft,GSW now leads 4-2
2016-02-10,False,PHO,1,10:16,True,3,23,478,76,Made 3-pointer from 23 ft,GSW now leads 10-7
2016-02-10,False,PHO,1,06:13,False,3,24,381,255,Missed 3-pointer from 24 ft,GSW leads 17-15
2016-02-10,False,PHO,1,05:47,True,2,7,172,86,Made 2-pointer from 7 ft,GSW now leads 19-17
2016-02-10,False,PHO,1,05:09,True,3,24,2,83,Made 3-pointer from 24 ft,GSW now leads 22-17
2016-02-10,False,PHO,1,04:02,False,3,24,223,292,Missed 3-pointer from 24 ft,GSW tied 22-22
2016-02-10,False,PHO,2,03:29,True,3,28,359,314,Made 3-pointer from 28 ft,GSW now leads 48-35
2016-02-10,False,PHO,2,03:03,True,3,29,414,284,Made 3-pointer from 29 ft,GSW now leads 51-35
2016-02-10,False,PHO,2,02:41,False,3,26,377,282,Missed 3-pointer from 26 ft,GSW leads 51-35
2016-02-10,False,PHO,2,01:42,False,2,4,254,96,Missed 2-pointer from 4 ft,GSW leads 53-37
2016-02-10,False,PHO,3,08:42,False,3,25,240,302,Missed 3-pointer from 25 ft,GSW leads 63-50
2016-02-10,False,PHO,3,08:21,True,3,24,457,155,Made 3-pointer from 24 ft,GSW now leads 66-52
2016-02-10,False,PHO,3,06:38,False,3,25,10,155,Missed 3-pointer from 25 ft,GSW leads 70-54
2016-02-10,False,PHO,3,04:26,True,2,0,240,49,Made 2-pointer from 0 ft,GSW now leads 78-58
2016-02-10,False,PHO,3,02:12,False,2,4,234,99,Missed 2-pointer from 4 ft,GSW leads 81-67
2016-02-10,False,PHO,3,02:08,False,2,2,233,73,Missed 2-pointer from 2 ft,GSW leads 81-67
2016-02-10,False,PHO,3,01:29,True,2,0,246,49,Made 2-pointer from 0 ft,GSW now leads 85-70
2016-02-19,False,POR,1,10:50,True,2,1,259,52,Made 2-pointer from 1 ft,GSW now leads 4-2
2016-02-19,False,POR,1,09:41,True,3,24,144,273,Made 3-pointer from 24 ft,GSW now leads 9-7
2016-02-19,False,POR,1,08:56,False,3,25,151,292,Missed 3-pointer from 25 ft,GSW tied 9-9
2016-02-19,False,POR,1,08:05,True,3,24,130,268,Made 3-pointer from 24 ft,GSW now trails 14-15
2016-02-19,False,POR,1,07:06,False,3,23,5,83,Missed 3-pointer from 23 ft,GSW trails 14-19
2016-02-19,False,POR,1,06:48,True,3,22,13,57,Made 3-pointer from 22 ft,GSW now trails 17-19
2016-02-19,False,POR,1,05:17,True,2,2,213,52,Made 2-pointer from 2 ft,GSW now tied 23-23
2016-02-19,False,POR,1,04:33,False,3,24,179,287,Missed 3-pointer from 24 ft,GSW trails 23-25
2016-02-19,False,POR,1,03:39,False,2,2,265,49,Missed 2-pointer from 2 ft,GSW trails 23-26
2016-02-19,False,POR,1,02:29,False,2,4,250,91,Missed 2-pointer from 4 ft,GSW trails 23-30
2016-02-19,False,POR,1,01:53,True,3,24,85,235,Made 3-pointer from 24 ft,GSW now trails 29-30
2016-02-19,False,POR,1,00:53,False,2,17,350,181,Missed 2-pointer from 17 ft,GSW trails 29-34
2016-02-19,False,POR,1,00:15,False,2,15,239,204,Missed 2-pointer from 15 ft,GSW trails 31-40
2016-02-19,False,POR,2,03:55,False,2,4,249,91,Missed 2-pointer from 4 ft,GSW trails 48-58
2016-02-19,False,POR,2,03:30,True,2,1,257,52,Made 2-pointer from 1 ft,GSW now trails 52-58
2016-02-19,False,POR,2,02:09,True,3,24,393,243,Made 3-pointer from 24 ft,GSW now trails 55-60
2016-02-19,False,POR,2,01:00,True,3,26,375,278,Made 3-pointer from 26 ft,GSW now trails 60-64
2016-02-19,False,POR,3,10:36,False,3,24,435,199,Missed 3-pointer from 24 ft,GSW trails 64-72
2016-02-19,False,POR,3,08:44,True,3,24,113,260,Made 3-pointer from 24 ft,GSW now trails 69-75
2016-02-19,False,POR,3,06:16,True,2,22,265,274,Made 2-pointer from 22 ft,GSW now trails 73-84
2016-02-19,False,POR,3,04:47,False,3,24,309,284,Missed 3-pointer from 24 ft,GSW trails 73-88
2016-02-19,False,POR,3,04:26,True,2,1,223,57,Made 2-pointer from 1 ft,GSW now trails 75-90
2016-02-19,False,POR,3,03:13,False,3,26,44,228,Missed 3-pointer from 26 ft,GSW trails 75-93
2016-02-20,False,LAC,1,09:27,True,3,26,314,302,Made 3-pointer from 26 ft,GSW now leads 10-4
2016-02-20,False,LAC,1,08:34,False,2,2,254,73,Missed 2-pointer from 2 ft,GSW leads 10-6
2016-02-20,False,LAC,1,07:06,True,2,2,260,58,Made 2-pointer from 2 ft,GSW now leads 14-8
2016-02-20,False,LAC,1,06:11,True,2,1,249,66,Made 2-pointer from 1 ft,GSW now leads 19-8
2016-02-20,False,LAC,1,05:26,False,2,2,250,71,Missed 2-pointer from 2 ft,GSW leads 19-10
2016-02-20,False,LAC,2,10:31,False,3,25,303,297,Missed 3-pointer from 25 ft,GSW leads 35-23
2016-02-20,False,LAC,2,09:39,False,2,15,322,184,Missed 2-pointer from 15 ft,GSW leads 35-25
2016-02-20,False,LAC,2,00:43,False,3,27,172,312,Missed 3-pointer from 27 ft,GSW leads 63-51
2016-02-20,False,LAC,3,11:45,False,2,19,41,39,Missed 2-pointer from 19 ft,GSW leads 63-53
2016-02-20,False,LAC,3,07:59,False,2,2,250,68,Missed 2-pointer from 2 ft,GSW leads 70-59
2016-02-20,False,LAC,3,04:49,False,3,25,391,253,Missed 3-pointer from 25 ft,GSW leads 74-67
2016-02-20,False,LAC,3,01:19,True,3,26,120,287,Made 3-pointer from 26 ft,GSW now leads 87-79
2016-02-20,False,LAC,4,02:57,True,3,25,417,238,Made 3-pointer from 25 ft,GSW now leads 113-99
2016-02-20,False,LAC,4,02:33,False,3,26,156,299,Missed 3-pointer from 26 ft,GSW leads 113-99
2016-02-20,False,LAC,4,01:54,False,3,26,210,309,Missed 3-pointer from 26 ft,GSW leads 115-99
2016-02-22,False,ATL,1,10:22,True,3,24,38,194,Made 3-pointer from 24 ft,GSW now leads 3-2
2016-02-22,False,ATL,1,10:06,False,3,25,92,258,Missed 3-pointer from 25 ft,GSW leads 3-2
2016-02-22,False,ATL,1,06:40,True,3,24,278,292,Made 3-pointer from 24 ft,GSW now leads 17-9
2016-02-22,False,ATL,1,04:01,True,2,4,229,91,Made 2-pointer from 4 ft,GSW now leads 23-13
2016-02-22,False,ATL,1,00:34,True,2,1,249,44,Made 2-pointer from 1 ft,GSW now leads 27-15
2016-02-22,False,ATL,2,02:16,True,3,24,468,135,Made 3-pointer from 24 ft,GSW now leads 48-37
2016-02-22,False,ATL,2,02:00,True,3,24,313,279,Made 3-pointer from 24 ft,GSW now leads 51-37
2016-02-22,False,ATL,2,00:28,False,2,2,249,71,Missed 2-pointer from 2 ft,GSW leads 56-39
2016-02-22,False,ATL,2,00:01,True,2,21,442,122,Made 2-pointer from 21 ft,GSW now leads 58-39
2016-02-22,False,ATL,3,08:52,False,3,25,80,243,Missed 3-pointer from 25 ft,GSW leads 63-45
2016-02-22,False,ATL,3,08:18,True,2,1,250,49,Made 2-pointer from 1 ft,GSW now leads 65-45
2016-02-22,False,ATL,3,07:23,False,3,24,360,263,Missed 3-pointer from 24 ft,GSW leads 67-47
2016-02-22,False,ATL,3,06:56,True,2,0,242,49,Made 2-pointer from 0 ft,GSW now leads 70-47
2016-02-22,False,ATL,3,04:46,False,3,24,100,255,Missed 3-pointer from 24 ft,GSW leads 70-57
2016-02-22,False,ATL,3,04:02,True,2,10,143,91,Made 2-pointer from 10 ft,GSW now leads 72-60
2016-02-22,False,ATL,3,01:46,True,2,0,234,57,Made 2-pointer from 0 ft,GSW now leads 76-70
2016-02-22,False,ATL,3,01:20,False,2,21,447,91,Missed 2-pointer from 21 ft,GSW leads 76-72
2016-02-22,False,ATL,4,04:43,True,3,23,5,81,Made 3-pointer from 23 ft,GSW now leads 91-84
2016-02-22,False,ATL,4,03:34,False,3,25,381,263,Missed 3-pointer from 25 ft,GSW leads 91-84
2016-02-22,False,ATL,4,03:19,True,2,0,241,51,Made 2-pointer from 0 ft,GSW now leads 93-84
2016-02-22,False,ATL,4,02:36,True,2,1,254,52,Made 2-pointer from 1 ft,GSW now leads 95-84
2016-02-22,False,ATL,4,01:04,False,3,26,268,317,Missed 3-pointer from 26 ft,GSW leads 98-87
2016-02-24,False,MIA,1,10:41,True,3,26,35,224,Made 3-pointer from 26 ft,GSW now leads 3-2
2016-02-24,False,MIA,1,09:39,False,3,24,95,253,Missed 3-pointer from 24 ft,GSW trails 3-6
2016-02-24,False,MIA,1,08:38,True,2,1,226,52,Made 2-pointer from 1 ft,GSW now trails 5-6
2016-02-24,False,MIA,1,07:38,True,2,2,221,61,Made 2-pointer from 2 ft,GSW now trails 7-9
2016-02-24,False,MIA,1,06:31,False,2,2,260,66,Missed 2-pointer from 2 ft,GSW trails 7-11
2016-02-24,False,MIA,1,06:18,False,2,2,213,52,Missed 2-pointer from 2 ft,GSW trails 7-11
2016-02-24,False,MIA,1,05:13,False,3,23,5,88,Missed 3-pointer from 23 ft,GSW trails 11-15
2016-02-24,False,MIA,1,03:09,True,2,14,288,189,Made 2-pointer from 14 ft,GSW now trails 16-20
2016-02-24,False,MIA,1,01:24,False,2,21,200,263,Missed 2-pointer from 21 ft,GSW trails 16-26
2016-02-24,False,MIA,1,00:23,True,2,21,290,263,Made 2-pointer from 21 ft,GSW now trails 18-28
2016-02-24,False,MIA,2,04:52,False,3,25,367,268,Missed 3-pointer from 25 ft,GSW trails 35-45
2016-02-24,False,MIA,2,01:04,True,2,1,236,61,Made 2-pointer from 1 ft,GSW now trails 46-53
2016-02-24,False,MIA,3,11:08,True,3,25,406,250,Made 3-pointer from 25 ft,GSW now leads 57-55
2016-02-24,False,MIA,3,08:27,True,2,7,242,125,Made 2-pointer from 7 ft,GSW now leads 61-59
2016-02-24,False,MIA,3,07:56,True,2,16,324,189,Made 2-pointer from 16 ft,GSW now leads 63-59
2016-02-24,False,MIA,3,06:47,False,2,2,262,58,Missed 2-pointer from 2 ft,GSW leads 65-62
2016-02-24,False,MIA,3,04:46,False,2,21,31,111,Missed 2-pointer from 21 ft,GSW tied 66-66
2016-02-24,False,MIA,3,04:15,True,2,13,182,174,Made 2-pointer from 13 ft,GSW now trails 68-69
2016-02-24,False,MIA,3,03:50,False,2,16,314,194,Missed 2-pointer from 16 ft,GSW trails 68-71
2016-02-24,False,MIA,3,02:58,False,3,24,33,189,Missed 3-pointer from 24 ft,GSW trails 70-73
2016-02-24,False,MIA,3,01:52,False,2,2,216,66,Missed 2-pointer from 2 ft,GSW trails 75-76
2016-02-24,False,MIA,3,01:12,True,3,24,426,209,Made 3-pointer from 24 ft,GSW now leads 80-78
2016-02-24,False,MIA,3,00:34,False,3,24,90,248,Missed 3-pointer from 24 ft,GSW tied 80-80
2016-02-24,False,MIA,3,00:08,False,2,2,255,68,Missed 2-pointer from 2 ft,GSW trails 80-83
2016-02-24,False,MIA,4,04:59,False,3,24,406,235,Missed 3-pointer from 24 ft,GSW trails 97-98
2016-02-24,False,MIA,4,01:29,False,2,13,254,186,Missed 2-pointer from 13 ft,GSW trails 104-106
2016-02-24,False,MIA,4,01:06,True,3,26,249,317,Made 3-pointer from 26 ft,GSW now leads 107-106
2016-02-24,False,MIA,4,00:39,True,3,26,252,312,Made 3-pointer from 26 ft,GSW now leads 110-108
2016-02-25,False,ORL,1,11:22,True,2,0,244,44,Made 2-pointer from 0 ft,GSW now leads 3-0
2016-02-25,False,ORL,1,10:49,True,2,1,228,39,Made 2-pointer from 1 ft,GSW now leads 5-3
2016-02-25,False,ORL,1,08:10,False,3,26,368,287,Missed 3-pointer from 26 ft,GSW trails 8-11
2016-02-25,False,ORL,1,05:45,True,3,25,36,204,Made 3-pointer from 25 ft,GSW now tied 17-17
2016-02-25,False,ORL,1,04:27,True,3,25,220,304,Made 3-pointer from 25 ft,GSW now trails 20-23
2016-02-25,False,ORL,1,02:15,False,3,25,334,287,Missed 3-pointer from 25 ft,GSW trails 24-26
2016-02-25,False,ORL,1,01:24,True,2,17,64,76,Made 2-pointer from 17 ft,GSW now trails 28-30
2016-02-25,False,ORL,1,00:01,True,2,2,262,57,Made 2-pointer from 2 ft,GSW now leads 32-30
2016-02-25,False,ORL,2,04:21,True,3,24,293,287,Made 3-pointer from 24 ft,GSW now leads 50-47
2016-02-25,False,ORL,2,01:54,True,2,21,381,214,Made 2-pointer from 21 ft,GSW now trails 55-59
2016-02-25,False,ORL,2,01:20,True,2,2,264,61,Made 2-pointer from 2 ft,GSW now trails 57-61
2016-02-25,False,ORL,2,00:58,False,3,26,318,307,Missed 3-pointer from 26 ft,GSW trails 57-61
2016-02-25,False,ORL,3,11:30,False,2,2,215,44,Missed 2-pointer from 2 ft,GSW trails 59-65
2016-02-25,False,ORL,3,10:35,True,2,20,278,248,Made 2-pointer from 20 ft,GSW now trails 63-65
2016-02-25,False,ORL,3,09:40,True,3,25,390,258,Made 3-pointer from 25 ft,GSW now leads 68-67
2016-02-25,False,ORL,3,07:39,False,2,19,152,222,Missed 2-pointer from 19 ft,GSW trails 73-74
2016-02-25,False,ORL,3,06:51,True,3,24,449,171,Made 3-pointer from 24 ft,GSW now leads 78-77
2016-02-25,False,ORL,3,06:09,True,2,2,220,61,Made 2-pointer from 2 ft,GSW now leads 80-78
2016-02-25,False,ORL,3,04:10,True,3,25,151,289,Made 3-pointer from 25 ft,GSW now leads 83-80
2016-02-25,False,ORL,3,02:52,False,3,24,414,227,Missed 3-pointer from 24 ft,GSW leads 85-82
2016-02-25,False,ORL,3,02:17,True,3,24,85,245,Made 3-pointer from 24 ft,GSW now leads 88-84
2016-02-25,False,ORL,3,01:58,True,3,26,395,260,Made 3-pointer from 26 ft,GSW now leads 91-84
2016-02-25,False,ORL,3,00:19,True,2,1,252,61,Made 2-pointer from 1 ft,GSW now leads 96-89
2016-02-25,False,ORL,4,03:24,True,3,27,313,314,Made 3-pointer from 27 ft,GSW now leads 123-107
2016-02-25,False,ORL,4,02:55,False,3,25,85,258,Missed 3-pointer from 25 ft,GSW leads 123-110
2016-02-25,False,ORL,4,02:26,True,2,1,255,49,Made 2-pointer from 1 ft,GSW now leads 125-110
2016-02-27,False,OKC,1,09:52,True,3,23,149,271,Made 3-pointer from 23 ft,GSW now trails 5-8
2016-02-27,False,OKC,1,03:03,False,3,28,126,307,Missed 3-pointer from 28 ft,GSW trails 14-26
2016-02-27,False,OKC,2,05:45,True,3,24,273,292,Made 3-pointer from 24 ft,GSW now trails 33-40
2016-02-27,False,OKC,2,04:44,True,3,23,470,53,Made 3-pointer from 23 ft,GSW now trails 38-42
2016-02-27,False,OKC,2,04:25,True,3,27,67,264,Made 3-pointer from 27 ft,GSW now trails 41-42
2016-02-27,False,OKC,2,03:42,False,2,23,318,268,Missed 2-pointer from 23 ft,GSW trails 41-45
2016-02-27,False,OKC,2,01:25,False,2,22,413,199,Missed 2-pointer from 22 ft,GSW trails 44-53
2016-02-27,False,OKC,2,00:50,True,2,1,223,52,Made 2-pointer from 1 ft,GSW now trails 46-55
2016-02-27,False,OKC,2,00:30,False,2,15,121,155,Missed 2-pointer from 15 ft,GSW trails 46-57
2016-02-27,False,OKC,3,04:04,True,3,27,383,284,Made 3-pointer from 27 ft,GSW now trails 68-71
2016-02-27,False,OKC,3,02:41,True,3,24,424,214,Made 3-pointer from 24 ft,GSW now trails 73-75
2016-02-27,False,OKC,3,01:49,False,3,26,192,312,Missed 3-pointer from 26 ft,GSW trails 75-77
2016-02-27,False,OKC,3,01:22,True,3,23,174,279,Made 3-pointer from 23 ft,GSW now leads 78-77
2016-02-27,False,OKC,3,01:00,False,3,24,161,284,Missed 3-pointer from 24 ft,GSW leads 78-77
2016-02-27,False,OKC,3,00:03,False,2,19,423,106,Missed 2-pointer from 19 ft,GSW trails 78-83
2016-02-27,False,OKC,4,11:03,False,2,2,211,57,Missed 2-pointer from 2 ft,GSW trails 78-84
2016-02-27,False,OKC,4,03:37,True,2,1,250,53,Made 2-pointer from 1 ft,GSW now trails 89-96
2016-02-27,False,OKC,4,02:53,True,3,26,318,299,Made 3-pointer from 26 ft,GSW now trails 92-96
2016-02-27,False,OKC,4,01:37,True,3,26,300,307,Made 3-pointer from 26 ft,GSW now trails 96-98
2016-02-27,False,OKC,1,03:53,True,3,25,231,304,Made 3-pointer from 25 ft,GSW now trails 107-108
2016-02-27,False,OKC,1,02:29,True,3,25,357,273,Made 3-pointer from 25 ft,GSW now tied 110-110
2016-02-27,False,OKC,1,01:58,False,3,24,398,235,Missed 3-pointer from 24 ft,GSW trails 110-112
2016-02-27,False,OKC,1,01:34,False,2,17,372,170,Missed 2-pointer from 17 ft,GSW trails 110-114
2016-02-27,False,OKC,1,00:01,True,3,32,98,341,Made 3-pointer from 32 ft,GSW now leads 121-118
2016-03-03,True,OKC,1,11:16,False,3,25,426,225,Missed 3-pointer from 25 ft,GSW trails 0-2
2016-03-03,True,OKC,1,10:30,False,3,26,188,312,Missed 3-pointer from 26 ft,GSW leads 3-2
2016-03-03,True,OKC,1,08:43,True,2,2,231,76,Made 2-pointer from 2 ft,GSW now tied 5-5
2016-03-03,True,OKC,1,08:14,False,2,2,220,69,Missed 2-pointer from 2 ft,GSW tied 5-5
2016-03-03,True,OKC,1,05:24,True,2,2,259,58,Made 2-pointer from 2 ft,GSW now tied 14-14
2016-03-03,True,OKC,1,04:02,True,3,25,31,201,Made 3-pointer from 25 ft,GSW now leads 19-16
2016-03-03,True,OKC,1,03:33,True,3,26,33,214,Made 3-pointer from 26 ft,GSW now leads 22-19
2016-03-03,True,OKC,1,02:42,False,3,28,141,317,Missed 3-pointer from 28 ft,GSW leads 22-21
2016-03-03,True,OKC,2,04:01,True,2,1,255,61,Made 2-pointer from 1 ft,GSW now leads 52-48
2016-03-03,True,OKC,2,03:02,False,3,25,18,170,Missed 3-pointer from 25 ft,GSW tied 52-52
2016-03-03,True,OKC,2,01:20,True,2,2,260,61,Made 2-pointer from 2 ft,GSW now tied 58-58
2016-03-03,True,OKC,2,00:41,True,3,32,62,322,Made 3-pointer from 32 ft,GSW now leads 61-60
2016-03-03,True,OKC,2,00:17,True,2,10,332,91,Made 2-pointer from 10 ft,GSW now leads 63-61
2016-03-03,True,OKC,3,09:38,False,2,1,238,66,Missed 2-pointer from 1 ft,GSW trails 63-65
2016-03-03,True,OKC,3,09:18,False,3,28,388,292,Missed 3-pointer from 28 ft,GSW trails 63-67
2016-03-03,True,OKC,3,07:54,False,3,24,450,184,Missed 3-pointer from 24 ft,GSW trails 65-68
2016-03-03,True,OKC,3,04:30,False,3,26,409,258,Missed 3-pointer from 26 ft,GSW trails 71-80
2016-03-03,True,OKC,3,02:04,False,3,29,80,302,Missed 3-pointer from 29 ft,GSW trails 77-81
2016-03-03,True,OKC,3,00:50,True,2,1,224,58,Made 2-pointer from 1 ft,GSW now trails 82-83
2016-03-03,True,OKC,3,00:08,False,3,31,368,337,Missed 3-pointer from 31 ft,GSW trails 82-83
2016-03-03,True,OKC,3,00:03,False,2,10,338,84,Missed 2-pointer from 10 ft,GSW trails 82-83
2016-03-03,True,OKC,4,05:07,False,3,23,472,111,Missed 3-pointer from 23 ft,GSW leads 101-97
2016-03-03,True,OKC,4,04:16,True,2,2,257,66,Made 2-pointer from 2 ft,GSW now leads 105-97
2016-03-03,True,OKC,4,02:16,True,3,26,285,307,Made 3-pointer from 26 ft,GSW now leads 114-100
2016-03-03,True,OKC,4,00:45,True,3,26,427,243,Made 3-pointer from 26 ft,GSW now leads 119-104
2016-03-06,False,LAL,1,10:34,True,3,26,82,258,Made 3-pointer from 26 ft,GSW now leads 3-0
2016-03-06,False,LAL,1,10:00,False,3,25,93,263,Missed 3-pointer from 25 ft,GSW leads 3-2
2016-03-06,False,LAL,1,08:47,True,2,0,241,57,Made 2-pointer from 0 ft,GSW now leads 7-4
2016-03-06,False,LAL,1,07:05,False,3,26,498,35,Missed 3-pointer from 26 ft,GSW tied 8-8
2016-03-06,False,LAL,1,05:03,True,2,2,220,52,Made 2-pointer from 2 ft,GSW now leads 12-10
2016-03-06,False,LAL,1,04:08,False,2,3,270,61,Missed 2-pointer from 3 ft,GSW leads 14-13
2016-03-06,False,LAL,1,03:38,True,2,0,241,57,Made 2-pointer from 0 ft,GSW now leads 18-13
2016-03-06,False,LAL,1,02:58,False,3,24,229,294,Missed 3-pointer from 24 ft,GSW leads 18-16
2016-03-06,False,LAL,1,00:46,False,2,4,282,57,Missed 2-pointer from 4 ft,GSW trails 19-22
2016-03-06,False,LAL,2,05:11,False,2,15,399,52,Missed 2-pointer from 15 ft,GSW trails 38-45
2016-03-06,False,LAL,3,10:39,False,3,26,98,268,Missed 3-pointer from 26 ft,GSW trails 49-63
2016-03-06,False,LAL,3,10:10,True,2,1,234,66,Made 2-pointer from 1 ft,GSW now trails 51-63
2016-03-06,False,LAL,3,08:41,False,2,1,250,61,Missed 2-pointer from 1 ft,GSW trails 51-65
2016-03-06,False,LAL,3,03:51,False,3,24,172,287,Missed 3-pointer from 24 ft,GSW trails 62-75
2016-03-06,False,LAL,3,02:46,False,3,27,240,323,Missed 3-pointer from 27 ft,GSW trails 64-75
2016-03-06,False,LAL,3,02:18,False,2,2,260,71,Missed 2-pointer from 2 ft,GSW trails 64-75
2016-03-06,False,LAL,3,00:02,False,3,28,396,284,Missed 3-pointer from 28 ft,GSW trails 71-84
2016-03-06,False,LAL,4,09:00,False,3,24,85,238,Missed 3-pointer from 24 ft,GSW trails 75-91
2016-03-06,False,LAL,4,08:15,True,2,0,244,44,Made 2-pointer from 0 ft,GSW now trails 79-93
2016-03-06,False,LAL,4,06:32,False,3,24,244,299,Missed 3-pointer from 24 ft,GSW trails 81-97
2016-03-07,True,ORL,1,10:21,False,2,2,241,76,Missed 2-pointer from 2 ft,GSW trails 1-2
2016-03-07,True,ORL,1,09:54,True,3,27,33,228,Made 3-pointer from 27 ft,GSW now tied 4-4
2016-03-07,True,ORL,1,09:33,True,2,1,249,63,Made 2-pointer from 1 ft,GSW now leads 6-4
2016-03-07,True,ORL,1,08:40,True,3,25,388,258,Made 3-pointer from 25 ft,GSW now leads 9-8
2016-03-07,True,ORL,1,06:50,False,3,23,8,76,Missed 3-pointer from 23 ft,GSW leads 11-10
2016-03-07,True,ORL,1,03:38,True,3,26,223,312,Made 3-pointer from 26 ft,GSW now leads 24-12
2016-03-07,True,ORL,1,02:39,False,2,20,445,44,Missed 2-pointer from 20 ft,GSW leads 24-14
2016-03-07,True,ORL,2,01:13,True,3,25,93,253,Made 3-pointer from 25 ft,GSW now leads 55-44
2016-03-07,True,ORL,2,00:51,True,2,6,236,111,Made 2-pointer from 6 ft,GSW now leads 57-46
2016-03-07,True,ORL,2,00:01,False,3,35,246,400,Missed 3-pointer from 35 ft,GSW leads 59-46
2016-03-07,True,ORL,3,09:25,True,3,24,143,278,Made 3-pointer from 24 ft,GSW now leads 67-48
2016-03-07,True,ORL,3,07:29,True,2,1,240,66,Made 2-pointer from 1 ft,GSW now leads 72-53
2016-03-07,True,ORL,3,03:59,True,2,2,262,57,Made 2-pointer from 2 ft,GSW now leads 81-71
2016-03-07,True,ORL,3,03:31,False,3,26,341,299,Missed 3-pointer from 26 ft,GSW leads 81-73
2016-03-07,True,ORL,3,01:52,True,3,27,111,294,Made 3-pointer from 27 ft,GSW now leads 89-73
2016-03-07,True,ORL,3,00:26,False,3,24,457,174,Missed 3-pointer from 24 ft,GSW leads 94-77
2016-03-07,True,ORL,4,05:32,True,2,6,240,115,Made 2-pointer from 6 ft,GSW now leads 104-96
2016-03-07,True,ORL,4,04:37,True,2,1,240,61,Made 2-pointer from 1 ft,GSW now leads 106-98
2016-03-07,True,ORL,4,03:58,True,3,28,87,287,Made 3-pointer from 28 ft,GSW now leads 109-100
2016-03-07,True,ORL,4,03:05,False,3,25,241,307,Missed 3-pointer from 25 ft,GSW leads 111-102
2016-03-07,True,ORL,4,02:52,False,2,3,208,61,Missed 2-pointer from 3 ft,GSW leads 111-102
2016-03-07,True,ORL,4,01:26,False,2,3,270,61,Missed 2-pointer from 3 ft,GSW leads 111-107
2016-03-07,True,ORL,4,00:44,True,2,1,234,61,Made 2-pointer from 1 ft,GSW now leads 116-109
2016-03-09,True,UTA,1,09:47,False,3,25,455,196,Missed 3-pointer from 25 ft,GSW trails 2-4
2016-03-09,True,UTA,1,07:24,False,3,25,123,274,Missed 3-pointer from 25 ft,GSW leads 9-8
2016-03-09,True,UTA,1,04:58,False,2,2,228,76,Missed 2-pointer from 2 ft,GSW leads 15-12
2016-03-09,True,UTA,1,04:29,False,3,26,125,289,Missed 3-pointer from 26 ft,GSW leads 15-12
2016-03-09,True,UTA,1,03:07,False,3,22,13,57,Missed 3-pointer from 22 ft,GSW leads 19-14
2016-03-09,True,UTA,2,03:12,True,3,25,413,233,Made 3-pointer from 25 ft,GSW now leads 39-32
2016-03-09,True,UTA,2,00:58,True,3,25,439,214,Made 3-pointer from 25 ft,GSW now leads 46-41
2016-03-09,True,UTA,3,09:32,False,3,28,352,307,Missed 3-pointer from 28 ft,GSW leads 56-46
2016-03-09,True,UTA,3,01:46,False,2,1,228,58,Missed 2-pointer from 1 ft,GSW leads 70-59
2016-03-09,True,UTA,4,05:51,True,2,2,220,71,Made 2-pointer from 2 ft,GSW now leads 101-81
2016-03-09,True,UTA,4,04:09,False,3,27,30,233,Missed 3-pointer from 27 ft,GSW leads 106-84
2016-03-11,True,POR,1,09:27,False,2,0,241,57,Missed 2-pointer from 0 ft,GSW leads 6-0
2016-03-11,True,POR,1,08:11,False,2,0,231,52,Missed 2-pointer from 0 ft,GSW leads 10-2
2016-03-11,True,POR,1,07:15,False,3,26,188,307,Missed 3-pointer from 26 ft,GSW leads 10-8
2016-03-11,True,POR,1,04:55,True,3,26,26,209,Made 3-pointer from 26 ft,GSW now leads 21-11
2016-03-11,True,POR,1,04:28,True,3,23,10,52,Made 3-pointer from 23 ft,GSW now leads 24-13
2016-03-11,True,POR,1,04:09,True,3,25,36,210,Made 3-pointer from 25 ft,GSW now leads 27-13
2016-03-11,True,POR,1,03:02,True,3,25,172,299,Made 3-pointer from 25 ft,GSW now leads 32-17
2016-03-11,True,POR,1,02:38,False,3,25,321,287,Missed 3-pointer from 25 ft,GSW leads 32-17
2016-03-11,True,POR,1,01:58,True,2,2,218,66,Made 2-pointer from 2 ft,GSW now leads 34-19
2016-03-11,True,POR,1,01:36,True,2,21,102,220,Made 2-pointer from 21 ft,GSW now leads 36-22
2016-03-11,True,POR,1,01:10,True,2,2,264,61,Made 2-pointer from 2 ft,GSW now leads 38-24
2016-03-11,True,POR,1,00:12,False,3,26,396,260,Missed 3-pointer from 26 ft,GSW leads 40-27
2016-03-11,True,POR,2,02:57,False,3,26,216,312,Missed 3-pointer from 26 ft,GSW leads 70-51
2016-03-11,True,POR,2,02:10,True,2,5,238,101,Made 2-pointer from 5 ft,GSW now leads 73-54
2016-03-11,True,POR,2,00:02,True,2,18,87,150,Made 2-pointer from 18 ft,GSW now leads 81-61
2016-03-11,True,POR,3,11:47,True,3,25,398,250,Made 3-pointer from 25 ft,GSW now leads 84-61
2016-03-11,True,POR,3,10:31,False,3,26,342,292,Missed 3-pointer from 26 ft,GSW leads 86-63
2016-03-11,True,POR,3,05:47,True,2,2,238,71,Made 2-pointer from 2 ft,GSW now leads 97-68
2016-03-11,True,POR,3,05:04,True,3,23,7,81,Made 3-pointer from 23 ft,GSW now leads 100-68
2016-03-11,True,POR,3,03:03,False,3,22,468,50,Missed 3-pointer from 22 ft,GSW leads 104-77
2016-03-11,True,POR,3,02:25,False,2,1,257,53,Missed 2-pointer from 1 ft,GSW leads 106-80
2016-03-11,True,POR,3,01:09,True,3,25,453,189,Made 3-pointer from 25 ft,GSW now leads 110-83
2016-03-11,True,POR,3,00:34,False,3,26,69,258,Missed 3-pointer from 26 ft,GSW leads 110-83
2016-03-12,True,PHO,1,11:45,False,3,24,141,278,Missed 3-pointer from 24 ft,GSW tied 0-0
2016-03-12,True,PHO,1,10:33,False,3,25,298,297,Missed 3-pointer from 25 ft,GSW trails 2-4
2016-03-12,True,PHO,1,07:51,True,3,24,128,273,Made 3-pointer from 24 ft,GSW now leads 7-6
2016-03-12,True,PHO,1,05:56,True,2,7,215,120,Made 2-pointer from 7 ft,GSW now leads 13-12
2016-03-12,True,PHO,1,04:22,True,3,24,233,299,Made 3-pointer from 24 ft,GSW now tied 16-16
2016-03-12,True,PHO,1,03:30,False,3,23,470,115,Missed 3-pointer from 23 ft,GSW tied 16-16
2016-03-12,True,PHO,1,00:34,True,3,26,175,309,Made 3-pointer from 26 ft,GSW now leads 29-22
2016-03-12,True,PHO,1,00:02,True,2,1,234,61,Made 2-pointer from 1 ft,GSW now leads 31-24
2016-03-12,True,PHO,2,06:14,False,3,24,391,245,Missed 3-pointer from 24 ft,GSW leads 41-38
2016-03-12,True,PHO,2,05:13,False,2,20,39,53,Missed 2-pointer from 20 ft,GSW leads 44-42
2016-03-12,True,PHO,2,02:48,True,2,2,257,66,Made 2-pointer from 2 ft,GSW now leads 52-48
2016-03-12,True,PHO,3,10:08,True,3,27,85,278,Made 3-pointer from 27 ft,GSW now leads 68-60
2016-03-12,True,PHO,3,09:43,False,2,5,242,106,Missed 2-pointer from 5 ft,GSW leads 68-62
2016-03-12,True,PHO,3,08:41,False,3,23,2,52,Missed 3-pointer from 23 ft,GSW leads 68-66
2016-03-12,True,PHO,4,11:04,True,3,26,35,219,Made 3-pointer from 26 ft,GSW now trails 93-95
2016-03-12,True,PHO,4,10:23,False,3,24,216,297,Missed 3-pointer from 24 ft,GSW trails 93-95
2016-03-12,True,PHO,4,08:30,True,2,1,231,63,Made 2-pointer from 1 ft,GSW now leads 102-98
2016-03-12,True,PHO,4,08:01,False,3,27,205,327,Missed 3-pointer from 27 ft,GSW leads 102-100
2016-03-12,True,PHO,4,06:28,False,2,5,250,102,Missed 2-pointer from 5 ft,GSW leads 105-103
2016-03-12,True,PHO,4,05:40,True,3,25,327,292,Made 3-pointer from 25 ft,GSW now tied 108-108
2016-03-12,True,PHO,4,05:15,False,3,25,33,204,Missed 3-pointer from 25 ft,GSW tied 108-108
2016-03-12,True,PHO,4,03:31,True,3,25,198,299,Made 3-pointer from 25 ft,GSW now leads 115-108
2016-03-12,True,PHO,4,02:31,False,3,26,64,250,Missed 3-pointer from 26 ft,GSW leads 117-108
2016-03-12,True,PHO,4,00:56,True,2,3,255,76,Made 2-pointer from 3 ft,GSW now leads 123-114
2016-03-14,True,NOP,1,10:39,False,3,26,33,210,Missed 3-pointer from 26 ft,GSW leads 2-0
2016-03-14,True,NOP,1,06:22,False,3,27,236,322,Missed 3-pointer from 27 ft,GSW trails 8-10
2016-03-14,True,NOP,1,03:43,True,2,1,254,61,Made 2-pointer from 1 ft,GSW now trails 17-18
2016-03-14,True,NOP,1,02:43,True,3,23,470,78,Made 3-pointer from 23 ft,GSW now tied 20-20
2016-03-14,True,NOP,1,01:26,True,2,1,250,57,Made 2-pointer from 1 ft,GSW now leads 26-22
2016-03-14,True,NOP,1,00:07,True,2,1,229,61,Made 2-pointer from 1 ft,GSW now leads 28-24
2016-03-14,True,NOP,2,07:07,False,3,26,197,314,Missed 3-pointer from 26 ft,GSW tied 40-40
2016-03-14,True,NOP,2,02:36,False,3,29,162,338,Missed 3-pointer from 29 ft,GSW leads 50-48
2016-03-14,True,NOP,2,01:17,True,2,2,260,61,Made 2-pointer from 2 ft,GSW now leads 54-48
2016-03-14,True,NOP,2,00:20,False,2,16,85,106,Missed 2-pointer from 16 ft,GSW leads 59-50
2016-03-14,True,NOP,3,10:03,True,2,1,223,52,Made 2-pointer from 1 ft,GSW now leads 63-50
2016-03-14,True,NOP,3,07:21,False,3,27,120,292,Missed 3-pointer from 27 ft,GSW leads 67-52
2016-03-14,True,NOP,3,05:33,True,2,1,252,63,Made 2-pointer from 1 ft,GSW now leads 75-55
2016-03-14,True,NOP,3,01:45,True,3,25,390,253,Made 3-pointer from 25 ft,GSW now leads 88-62
2016-03-14,True,NOP,3,01:14,True,3,23,475,57,Made 3-pointer from 23 ft,GSW now leads 91-65
2016-03-14,True,NOP,3,00:04,True,3,32,151,366,Made 3-pointer from 32 ft,GSW now leads 94-69
2016-03-16,True,NYK,1,10:59,False,3,25,324,287,Missed 3-pointer from 25 ft,GSW trails 0-2
2016-03-16,True,NYK,1,07:43,True,3,25,229,307,Made 3-pointer from 25 ft,GSW now leads 5-4
2016-03-16,True,NYK,1,06:38,False,3,32,61,322,Missed 3-pointer from 32 ft,GSW leads 7-4
2016-03-16,True,NYK,1,05:05,True,2,10,332,91,Made 2-pointer from 10 ft,GSW now leads 11-6
2016-03-16,True,NYK,1,03:52,True,2,1,229,66,Made 2-pointer from 1 ft,GSW now leads 15-7
2016-03-16,True,NYK,1,02:34,True,3,26,82,268,Made 3-pointer from 26 ft,GSW now leads 22-10
2016-03-16,True,NYK,1,01:54,True,3,26,195,314,Made 3-pointer from 26 ft,GSW now leads 25-13
2016-03-16,True,NYK,1,01:26,True,3,30,54,287,Made 3-pointer from 30 ft,GSW now leads 28-15
2016-03-16,True,NYK,1,00:06,False,3,29,31,253,Missed 3-pointer from 29 ft,GSW leads 31-19
2016-03-16,True,NYK,2,02:47,True,3,25,319,294,Made 3-pointer from 25 ft,GSW now leads 57-42
2016-03-16,True,NYK,2,01:25,True,2,11,336,111,Made 2-pointer from 11 ft,GSW now leads 59-42
2016-03-16,True,NYK,2,00:17,False,3,27,370,292,Missed 3-pointer from 27 ft,GSW leads 62-46
2016-03-16,True,NYK,3,11:19,False,2,17,378,165,Missed 2-pointer from 17 ft,GSW leads 64-46
2016-03-16,True,NYK,3,08:40,True,2,1,229,58,Made 2-pointer from 1 ft,GSW now leads 71-48
2016-03-16,True,NYK,3,07:47,True,3,25,442,201,Made 3-pointer from 25 ft,GSW now leads 74-48
2016-03-16,True,NYK,3,07:23,False,3,22,465,96,Missed 3-pointer from 22 ft,GSW leads 74-48
2016-03-16,True,NYK,3,04:16,False,2,3,267,76,Missed 2-pointer from 3 ft,GSW leads 83-59
2016-03-16,True,NYK,3,02:53,False,2,2,260,66,Missed 2-pointer from 2 ft,GSW leads 87-62
2016-03-16,True,NYK,3,01:07,True,3,25,447,204,Made 3-pointer from 25 ft,GSW now leads 94-64
2016-03-16,True,NYK,3,00:26,True,3,23,476,57,Made 3-pointer from 23 ft,GSW now leads 97-64
2016-03-18,False,DAL,1,10:32,True,3,24,17,150,Made 3-pointer from 24 ft,GSW now trails 5-6
2016-03-18,False,DAL,1,09:29,True,3,25,108,264,Made 3-pointer from 25 ft,GSW now trails 8-10
2016-03-18,False,DAL,1,09:08,True,2,3,270,49,Made 2-pointer from 3 ft,GSW now tied 10-10
2016-03-18,False,DAL,1,05:26,False,3,24,414,224,Missed 3-pointer from 24 ft,GSW trails 20-24
2016-03-18,False,DAL,1,03:56,False,2,2,215,52,Missed 2-pointer from 2 ft,GSW trails 25-28
2016-03-18,False,DAL,1,02:36,False,2,20,216,255,Missed 2-pointer from 20 ft,GSW trails 27-30
2016-03-18,False,DAL,1,01:14,False,2,0,234,44,Missed 2-pointer from 0 ft,GSW trails 33-34
2016-03-18,False,DAL,1,00:40,True,3,24,23,160,Made 3-pointer from 24 ft,GSW now leads 36-34
2016-03-18,False,DAL,1,00:00,True,3,31,403,314,Made 3-pointer from 31 ft,GSW now leads 42-36
2016-03-18,False,DAL,2,03:32,False,3,22,15,52,Missed 3-pointer from 22 ft,GSW leads 62-57
2016-03-18,False,DAL,2,01:46,True,2,1,259,49,Made 2-pointer from 1 ft,GSW now leads 66-61
2016-03-18,False,DAL,2,01:20,False,2,6,300,71,Missed 2-pointer from 6 ft,GSW leads 66-63
2016-03-18,False,DAL,2,01:13,True,3,23,475,57,Made 3-pointer from 23 ft,GSW now leads 69-63
2016-03-18,False,DAL,2,00:31,True,2,0,244,45,Made 2-pointer from 0 ft,GSW now leads 73-65
2016-03-18,False,DAL,2,00:03,False,3,26,105,273,Missed 3-pointer from 26 ft,GSW leads 73-67
2016-03-18,False,DAL,3,10:25,False,2,0,242,52,Missed 2-pointer from 0 ft,GSW leads 75-72
2016-03-18,False,DAL,3,09:39,True,2,8,234,135,Made 2-pointer from 8 ft,GSW now leads 77-74
2016-03-18,False,DAL,3,07:25,True,2,1,257,50,Made 2-pointer from 1 ft,GSW now tied 83-83
2016-03-18,False,DAL,3,05:19,False,3,24,422,219,Missed 3-pointer from 24 ft,GSW leads 84-83
2016-03-18,False,DAL,3,02:02,False,3,25,314,292,Missed 3-pointer from 25 ft,GSW leads 90-85
2016-03-18,False,DAL,3,00:26,False,2,8,236,132,Missed 2-pointer from 8 ft,GSW leads 94-85
2016-03-18,False,DAL,3,00:01,False,3,24,21,156,Missed 3-pointer from 24 ft,GSW leads 94-85
2016-03-18,False,DAL,4,04:47,False,2,8,300,112,Missed 2-pointer from 8 ft,GSW leads 109-101
2016-03-18,False,DAL,4,04:21,True,2,1,257,52,Made 2-pointer from 1 ft,GSW now leads 111-101
2016-03-18,False,DAL,4,03:13,False,2,3,278,57,Missed 2-pointer from 3 ft,GSW leads 113-106
2016-03-18,False,DAL,4,01:58,True,3,23,10,58,Made 3-pointer from 23 ft,GSW now leads 122-108
2016-03-19,False,SAS,1,09:54,False,3,27,36,238,Missed 3-pointer from 27 ft,GSW trails 2-4
2016-03-19,False,SAS,1,06:18,False,3,27,417,255,Missed 3-pointer from 27 ft,GSW trails 7-10
2016-03-19,False,SAS,1,05:02,True,2,0,234,49,Made 2-pointer from 0 ft,GSW now trails 11-12
2016-03-19,False,SAS,1,04:29,False,3,24,221,292,Missed 3-pointer from 24 ft,GSW trails 11-14
2016-03-19,False,SAS,2,10:02,False,3,24,97,248,Missed 3-pointer from 24 ft,GSW trails 22-23
2016-03-19,False,SAS,2,07:25,False,3,26,447,210,Missed 3-pointer from 26 ft,GSW trails 24-28
2016-03-19,False,SAS,2,06:58,False,2,0,233,50,Missed 2-pointer from 0 ft,GSW trails 24-30
2016-03-19,False,SAS,2,06:01,True,2,4,241,93,Made 2-pointer from 4 ft,GSW now trails 26-31
2016-03-19,False,SAS,2,03:53,False,2,0,239,58,Missed 2-pointer from 0 ft,GSW trails 28-36
2016-03-19,False,SAS,2,00:51,False,3,38,417,391,Missed 3-pointer from 38 ft,GSW trails 35-43
2016-03-19,False,SAS,3,09:16,False,3,25,100,263,Missed 3-pointer from 25 ft,GSW trails 42-48
2016-03-19,False,SAS,3,06:26,True,2,0,238,52,Made 2-pointer from 0 ft,GSW now trails 52-55
2016-03-19,False,SAS,3,05:23,True,3,27,422,260,Made 3-pointer from 27 ft,GSW now tied 55-55
2016-03-19,False,SAS,3,04:41,False,2,1,238,61,Missed 2-pointer from 1 ft,GSW trails 55-58
2016-03-19,False,SAS,4,05:13,False,3,26,411,248,Missed 3-pointer from 26 ft,GSW trails 74-75
2016-03-19,False,SAS,4,00:47,False,3,28,241,332,Missed 3-pointer from 28 ft,GSW trails 79-84
2016-03-19,False,SAS,4,00:12,False,3,25,437,214,Missed 3-pointer from 25 ft,GSW trails 79-85
2016-03-19,False,SAS,4,00:00,False,3,26,478,165,Missed 3-pointer from 26 ft,GSW trails 79-87
2016-03-21,False,MIN,1,06:41,True,2,22,411,194,Made 2-pointer from 22 ft,GSW now leads 12-9
2016-03-21,False,MIN,1,06:18,False,3,24,322,282,Missed 3-pointer from 24 ft,GSW tied 12-12
2016-03-21,False,MIN,1,06:00,False,3,25,48,215,Missed 3-pointer from 25 ft,GSW tied 12-12
2016-03-21,False,MIN,1,05:42,False,2,2,246,73,Missed 2-pointer from 2 ft,GSW tied 12-12
2016-03-21,False,MIN,1,04:35,True,3,24,326,282,Made 3-pointer from 24 ft,GSW now leads 17-16
2016-03-21,False,MIN,1,02:41,False,2,4,288,61,Missed 2-pointer from 4 ft,GSW trails 21-23
2016-03-21,False,MIN,1,00:08,False,2,19,100,184,Missed 2-pointer from 19 ft,GSW trails 27-29
2016-03-21,False,MIN,1,00:01,False,3,25,345,278,Missed 3-pointer from 25 ft,GSW trails 27-29
2016-03-21,False,MIN,2,02:27,True,2,1,249,57,Made 2-pointer from 1 ft,GSW now trails 53-54
2016-03-21,False,MIN,2,01:10,True,2,1,236,66,Made 2-pointer from 1 ft,GSW now leads 57-55
2016-03-21,False,MIN,2,00:01,False,3,29,30,253,Missed 3-pointer from 29 ft,GSW leads 59-58
2016-03-21,False,MIN,3,10:31,False,2,18,134,204,Missed 2-pointer from 18 ft,GSW tied 61-61
2016-03-21,False,MIN,3,06:43,True,3,26,133,287,Made 3-pointer from 26 ft,GSW now leads 73-72
2016-03-21,False,MIN,3,05:19,True,2,2,223,66,Made 2-pointer from 2 ft,GSW now leads 77-75
2016-03-21,False,MIN,3,01:56,False,3,27,413,263,Missed 3-pointer from 27 ft,GSW trails 81-87
2016-03-21,False,MIN,4,03:03,False,3,25,159,294,Missed 3-pointer from 25 ft,GSW leads 101-99
2016-03-21,False,MIN,4,02:22,False,3,26,61,240,Missed 3-pointer from 26 ft,GSW tied 101-101
2016-03-23,True,LAC,1,08:45,True,2,1,255,63,Made 2-pointer from 1 ft,GSW now trails 5-6
2016-03-23,True,LAC,1,06:22,False,3,27,213,328,Missed 3-pointer from 27 ft,GSW leads 10-8
2016-03-23,True,LAC,1,05:42,False,2,18,130,199,Missed 2-pointer from 18 ft,GSW tied 10-10
2016-03-23,True,LAC,1,05:05,True,3,23,472,63,Made 3-pointer from 23 ft,GSW now leads 13-12
2016-03-23,True,LAC,1,02:29,True,2,1,244,68,Made 2-pointer from 1 ft,GSW now trails 18-21
2016-03-23,True,LAC,1,00:29,False,3,26,460,196,Missed 3-pointer from 26 ft,GSW trails 21-25
2016-03-23,True,LAC,1,00:02,True,2,0,240,51,Made 2-pointer from 0 ft,GSW now trails 23-28
2016-03-23,True,LAC,2,04:14,False,3,26,280,307,Missed 3-pointer from 26 ft,GSW leads 44-41
2016-03-23,True,LAC,2,03:50,True,2,0,236,57,Made 2-pointer from 0 ft,GSW now leads 46-43
2016-03-23,True,LAC,2,02:01,True,3,25,30,186,Made 3-pointer from 25 ft,GSW now leads 51-46
2016-03-23,True,LAC,2,01:21,False,3,25,359,278,Missed 3-pointer from 25 ft,GSW leads 51-46
2016-03-23,True,LAC,2,00:33,False,2,22,362,240,Missed 2-pointer from 22 ft,GSW leads 51-46
2016-03-23,True,LAC,3,11:40,True,2,1,252,58,Made 2-pointer from 1 ft,GSW now leads 53-49
2016-03-23,True,LAC,3,08:01,True,3,26,72,250,Made 3-pointer from 26 ft,GSW now leads 64-53
2016-03-23,True,LAC,3,05:11,False,3,25,398,253,Missed 3-pointer from 25 ft,GSW leads 71-59
2016-03-23,True,LAC,3,04:39,True,2,2,238,71,Made 2-pointer from 2 ft,GSW now leads 73-59
2016-03-23,True,LAC,3,01:52,False,2,2,228,76,Missed 2-pointer from 2 ft,GSW leads 78-67
2016-03-23,True,LAC,3,01:01,False,2,19,92,184,Missed 2-pointer from 19 ft,GSW leads 80-69
2016-03-23,True,LAC,4,06:52,False,2,2,228,66,Missed 2-pointer from 2 ft,GSW leads 93-83
2016-03-23,True,LAC,4,03:27,True,3,27,360,294,Made 3-pointer from 27 ft,GSW now leads 105-89
2016-03-23,True,LAC,4,02:56,False,3,23,476,73,Missed 3-pointer from 23 ft,GSW leads 105-91
2016-03-23,True,LAC,4,01:08,True,2,0,242,58,Made 2-pointer from 0 ft,GSW now leads 109-94
2016-03-23,True,LAC,4,00:41,True,2,1,252,57,Made 2-pointer from 1 ft,GSW now leads 111-96
2016-03-25,True,DAL,1,10:25,True,3,23,8,57,Made 3-pointer from 23 ft,GSW now leads 6-5
2016-03-25,True,DAL,1,09:25,False,3,26,169,307,Missed 3-pointer from 26 ft,GSW leads 8-7
2016-03-25,True,DAL,1,08:10,False,2,6,242,111,Missed 2-pointer from 6 ft,GSW trails 10-11
2016-03-25,True,DAL,1,04:03,True,3,28,95,297,Made 3-pointer from 28 ft,GSW now leads 29-21
2016-03-25,True,DAL,1,03:40,False,3,22,467,52,Missed 3-pointer from 22 ft,GSW leads 29-24
2016-03-25,True,DAL,1,01:34,False,2,2,236,71,Missed 2-pointer from 2 ft,GSW leads 33-27
2016-03-25,True,DAL,1,00:46,True,3,25,35,209,Made 3-pointer from 25 ft,GSW now leads 38-31
2016-03-25,True,DAL,2,02:44,True,2,2,249,71,Made 2-pointer from 2 ft,GSW now leads 62-51
2016-03-25,True,DAL,2,00:28,True,2,22,321,264,Made 2-pointer from 22 ft,GSW now leads 69-58
2016-03-25,True,DAL,2,00:03,True,3,33,20,297,Made 3-pointer from 33 ft,GSW now leads 72-58
2016-03-25,True,DAL,3,10:26,False,3,26,249,317,Missed 3-pointer from 26 ft,GSW leads 75-60
2016-03-25,True,DAL,3,06:46,False,3,28,365,307,Missed 3-pointer from 28 ft,GSW leads 84-69
2016-03-25,True,DAL,3,03:47,True,3,23,475,44,Made 3-pointer from 23 ft,GSW now leads 95-77
2016-03-25,True,DAL,3,00:27,False,3,26,304,302,Missed 3-pointer from 26 ft,GSW leads 102-89
2016-03-25,True,DAL,4,04:31,False,3,25,306,299,Missed 3-pointer from 25 ft,GSW leads 114-108
2016-03-25,True,DAL,4,04:06,False,3,25,61,233,Missed 3-pointer from 25 ft,GSW leads 114-108
2016-03-25,True,DAL,4,03:36,True,2,0,240,51,Made 2-pointer from 0 ft,GSW now leads 116-110
2016-03-25,True,DAL,4,02:34,True,2,2,249,71,Made 2-pointer from 2 ft,GSW now leads 120-113
2016-03-27,True,PHI,1,11:39,True,2,22,156,258,Made 2-pointer from 22 ft,GSW now leads 2-0
2016-03-27,True,PHI,1,07:01,False,3,29,95,309,Missed 3-pointer from 29 ft,GSW leads 15-13
2016-03-27,True,PHI,1,05:13,False,2,17,231,220,Missed 2-pointer from 17 ft,GSW trails 17-18
2016-03-27,True,PHI,1,04:52,False,3,25,431,214,Missed 3-pointer from 25 ft,GSW trails 17-20
2016-03-27,True,PHI,1,02:29,False,3,29,54,278,Missed 3-pointer from 29 ft,GSW trails 25-26
2016-03-27,True,PHI,1,01:42,False,3,23,470,107,Missed 3-pointer from 23 ft,GSW trails 25-26
2016-03-27,True,PHI,2,04:03,True,3,25,74,248,Made 3-pointer from 25 ft,GSW now leads 62-48
2016-03-27,True,PHI,2,03:16,True,2,1,249,63,Made 2-pointer from 1 ft,GSW now leads 66-50
2016-03-27,True,PHI,2,02:53,True,2,23,403,214,Made 2-pointer from 23 ft,GSW now leads 68-50
2016-03-27,True,PHI,2,01:22,False,2,20,170,238,Missed 2-pointer from 20 ft,GSW leads 71-52
2016-03-27,True,PHI,3,10:22,True,2,2,221,71,Made 2-pointer from 2 ft,GSW now leads 76-59
2016-03-27,True,PHI,3,07:06,False,3,24,432,206,Missed 3-pointer from 24 ft,GSW leads 80-64
2016-03-27,True,PHI,3,05:45,True,2,17,378,165,Made 2-pointer from 17 ft,GSW now leads 82-68
2016-03-27,True,PHI,3,02:37,True,3,25,67,243,Made 3-pointer from 25 ft,GSW now leads 90-72
2016-03-27,True,PHI,4,04:04,False,3,26,100,274,Missed 3-pointer from 26 ft,GSW leads 111-96
2016-03-29,True,WAS,1,11:39,True,3,25,282,297,Made 3-pointer from 25 ft,GSW now leads 3-0
2016-03-29,True,WAS,1,09:41,False,2,14,378,76,Missed 2-pointer from 14 ft,GSW leads 5-4
2016-03-29,True,WAS,1,06:48,False,3,23,475,76,Missed 3-pointer from 23 ft,GSW leads 14-10
2016-03-29,True,WAS,1,06:18,False,2,2,265,63,Missed 2-pointer from 2 ft,GSW leads 16-10
2016-03-29,True,WAS,1,05:14,False,2,13,169,161,Missed 2-pointer from 13 ft,GSW leads 18-12
2016-03-29,True,WAS,1,03:46,False,2,20,449,61,Missed 2-pointer from 20 ft,GSW leads 20-17
2016-03-29,True,WAS,1,03:43,True,3,23,470,57,Made 3-pointer from 23 ft,GSW now leads 23-17
2016-03-29,True,WAS,1,00:58,True,2,0,240,51,Made 2-pointer from 0 ft,GSW now leads 27-19
2016-03-29,True,WAS,1,00:14,False,3,33,69,333,Missed 3-pointer from 33 ft,GSW leads 27-19
2016-03-29,True,WAS,2,04:57,False,2,11,285,156,Missed 2-pointer from 11 ft,GSW trails 37-39
2016-03-29,True,WAS,2,04:30,False,2,2,240,73,Missed 2-pointer from 2 ft,GSW trails 37-42
2016-03-29,True,WAS,2,01:42,True,3,23,472,106,Made 3-pointer from 23 ft,GSW now trails 42-46
2016-03-29,True,WAS,2,01:13,True,2,1,226,61,Made 2-pointer from 1 ft,GSW now trails 44-46
2016-03-29,True,WAS,2,00:27,True,3,27,264,322,Made 3-pointer from 27 ft,GSW now leads 49-46
2016-03-29,True,WAS,3,10:56,False,2,3,223,76,Missed 2-pointer from 3 ft,GSW leads 52-49
2016-03-29,True,WAS,3,09:49,False,2,19,375,189,Missed 2-pointer from 19 ft,GSW leads 52-51
2016-03-29,True,WAS,3,08:20,False,2,2,255,66,Missed 2-pointer from 2 ft,GSW leads 57-53
2016-03-29,True,WAS,3,05:39,True,3,27,395,278,Made 3-pointer from 27 ft,GSW now leads 64-60
2016-03-29,True,WAS,4,06:07,True,3,27,239,328,Made 3-pointer from 27 ft,GSW now leads 95-76
2016-03-29,True,WAS,4,03:33,True,2,2,241,71,Made 2-pointer from 2 ft,GSW now leads 99-81
2016-03-30,False,UTA,1,08:43,True,2,2,213,44,Made 2-pointer from 2 ft,GSW now trails 6-10
2016-03-30,False,UTA,1,07:56,False,3,24,424,219,Missed 3-pointer from 24 ft,GSW trails 9-10
2016-03-30,False,UTA,1,06:34,False,2,2,267,52,Missed 2-pointer from 2 ft,GSW trails 11-12
2016-03-30,False,UTA,1,03:45,False,2,13,370,86,Missed 2-pointer from 13 ft,GSW leads 19-12
2016-03-30,False,UTA,1,03:05,True,3,24,102,255,Made 3-pointer from 24 ft,GSW now leads 22-14
2016-03-30,False,UTA,1,02:30,False,2,3,210,57,Missed 2-pointer from 3 ft,GSW leads 22-16
2016-03-30,False,UTA,1,00:01,True,2,15,218,206,Made 2-pointer from 15 ft,GSW now leads 26-21
2016-03-30,False,UTA,2,02:23,True,3,27,435,243,Made 3-pointer from 27 ft,GSW now leads 39-33
2016-03-30,False,UTA,3,09:48,False,2,3,211,71,Missed 2-pointer from 3 ft,GSW trails 42-45
2016-03-30,False,UTA,3,09:17,False,2,3,270,61,Missed 2-pointer from 3 ft,GSW trails 42-45
2016-03-30,False,UTA,3,07:57,True,3,24,87,245,Made 3-pointer from 24 ft,GSW now trails 45-49
2016-03-30,False,UTA,3,06:03,False,3,25,61,228,Missed 3-pointer from 25 ft,GSW trails 47-52
2016-03-30,False,UTA,3,05:07,True,3,26,470,174,Made 3-pointer from 26 ft,GSW now trails 50-57
2016-03-30,False,UTA,3,03:52,True,3,26,349,289,Made 3-pointer from 26 ft,GSW now trails 58-59
2016-03-30,False,UTA,3,03:17,False,3,27,49,253,Missed 3-pointer from 27 ft,GSW trails 58-62
2016-03-30,False,UTA,3,02:43,False,2,6,208,112,Missed 2-pointer from 6 ft,GSW trails 58-62
2016-03-30,False,UTA,3,00:06,True,2,19,424,106,Made 2-pointer from 19 ft,GSW now trails 63-67
2016-03-30,False,UTA,4,06:09,True,2,1,259,53,Made 2-pointer from 1 ft,GSW now trails 76-82
2016-03-30,False,UTA,4,05:46,False,3,26,234,312,Missed 3-pointer from 26 ft,GSW trails 76-82
2016-03-30,False,UTA,4,04:25,False,2,2,220,57,Missed 2-pointer from 2 ft,GSW trails 80-85
2016-03-30,False,UTA,4,01:40,False,3,25,463,174,Missed 3-pointer from 25 ft,GSW tied 85-85
2016-03-30,False,UTA,1,03:10,True,2,2,216,52,Made 2-pointer from 2 ft,GSW now leads 95-93
2016-03-30,False,UTA,1,01:30,True,2,5,275,86,Made 2-pointer from 5 ft,GSW now leads 99-93
2016-04-01,True,BOS,1,06:04,False,3,24,84,243,Missed 3-pointer from 24 ft,GSW trails 9-11
2016-04-01,True,BOS,1,05:11,False,2,15,390,68,Missed 2-pointer from 15 ft,GSW trails 9-12
2016-04-01,True,BOS,1,02:16,False,3,26,21,191,Missed 3-pointer from 26 ft,GSW trails 18-19
2016-04-01,True,BOS,1,00:04,True,3,25,463,170,Made 3-pointer from 25 ft,GSW now leads 23-21
2016-04-01,True,BOS,2,04:15,False,3,28,403,279,Missed 3-pointer from 28 ft,GSW leads 35-31
2016-04-01,True,BOS,2,02:14,True,3,27,291,322,Made 3-pointer from 27 ft,GSW now leads 38-36
2016-04-01,True,BOS,3,11:30,True,3,26,51,238,Made 3-pointer from 26 ft,GSW now leads 46-45
2016-04-01,True,BOS,3,10:58,True,3,22,13,50,Made 3-pointer from 22 ft,GSW now leads 49-45
2016-04-01,True,BOS,3,06:37,False,2,16,344,174,Missed 2-pointer from 16 ft,GSW trails 58-60
2016-04-01,True,BOS,3,04:45,True,3,25,240,302,Made 3-pointer from 25 ft,GSW now trails 61-63
2016-04-01,True,BOS,3,02:51,False,2,1,248,64,Missed 2-pointer from 1 ft,GSW trails 66-71
2016-04-01,True,BOS,3,02:46,True,3,26,403,263,Made 3-pointer from 26 ft,GSW now trails 69-71
2016-04-01,True,BOS,3,01:52,True,3,34,185,387,Made 3-pointer from 34 ft,GSW now tied 75-75
2016-04-01,True,BOS,3,01:04,True,3,23,10,112,Made 3-pointer from 23 ft,GSW now leads 79-78
2016-04-01,True,BOS,4,06:38,False,3,29,74,289,Missed 3-pointer from 29 ft,GSW trails 85-95
2016-04-01,True,BOS,4,03:00,False,2,12,144,135,Missed 2-pointer from 12 ft,GSW trails 96-101
2016-04-01,True,BOS,4,01:29,True,2,2,255,68,Made 2-pointer from 2 ft,GSW now trails 101-103
2016-04-01,True,BOS,4,00:55,False,3,23,475,93,Missed 3-pointer from 23 ft,GSW trails 101-105
2016-04-01,True,BOS,4,00:05,False,3,27,67,268,Missed 3-pointer from 27 ft,GSW trails 106-109
2016-04-03,True,POR,1,09:50,False,2,7,290,111,Missed 2-pointer from 7 ft,GSW trails 4-8
2016-04-03,True,POR,1,08:20,True,3,23,468,91,Made 3-pointer from 23 ft,GSW now leads 12-10
2016-04-03,True,POR,1,07:49,False,2,4,272,76,Missed 2-pointer from 4 ft,GSW tied 12-12
2016-04-03,True,POR,1,07:47,True,2,2,246,73,Made 2-pointer from 2 ft,GSW now leads 14-12
2016-04-03,True,POR,1,07:24,True,2,1,252,61,Made 2-pointer from 1 ft,GSW now leads 16-15
2016-04-03,True,POR,1,05:44,False,3,25,357,273,Missed 3-pointer from 25 ft,GSW tied 18-18
2016-04-03,True,POR,1,03:40,True,2,20,326,235,Made 2-pointer from 20 ft,GSW now trails 23-27
2016-04-03,True,POR,1,00:10,True,3,24,249,297,Made 3-pointer from 24 ft,GSW now trails 31-37
2016-04-03,True,POR,2,05:27,True,3,33,67,332,Made 3-pointer from 33 ft,GSW now leads 47-46
2016-04-03,True,POR,2,03:49,True,3,25,25,189,Made 3-pointer from 25 ft,GSW now leads 54-50
2016-04-03,True,POR,2,03:17,False,3,29,182,343,Missed 3-pointer from 29 ft,GSW leads 54-50
2016-04-03,True,POR,2,02:35,False,2,20,41,106,Missed 2-pointer from 20 ft,GSW leads 54-51
2016-04-03,True,POR,3,10:20,False,3,26,244,312,Missed 3-pointer from 26 ft,GSW leads 67-56
2016-04-03,True,POR,3,07:49,True,2,12,304,161,Made 2-pointer from 12 ft,GSW now leads 73-66
2016-04-03,True,POR,3,07:22,True,3,26,74,258,Made 3-pointer from 26 ft,GSW now leads 76-68
2016-04-03,True,POR,3,06:44,True,3,25,35,206,Made 3-pointer from 25 ft,GSW now leads 79-70
2016-04-03,True,POR,3,06:15,True,3,26,240,312,Made 3-pointer from 26 ft,GSW now leads 82-71
2016-04-03,True,POR,3,05:55,True,3,29,432,278,Made 3-pointer from 29 ft,GSW now leads 85-73
2016-04-03,True,POR,3,05:35,False,3,26,257,314,Missed 3-pointer from 26 ft,GSW leads 85-76
2016-04-03,True,POR,3,04:20,False,2,18,421,106,Missed 2-pointer from 18 ft,GSW leads 87-80
2016-04-03,True,POR,4,04:46,True,3,27,380,289,Made 3-pointer from 27 ft,GSW now leads 120-105
2016-04-05,True,MIN,1,10:10,False,3,26,197,312,Missed 3-pointer from 26 ft,GSW leads 5-4
2016-04-05,True,MIN,1,04:09,False,3,25,380,258,Missed 3-pointer from 25 ft,GSW leads 25-10
2016-04-05,True,MIN,1,03:01,False,2,19,48,61,Missed 2-pointer from 19 ft,GSW leads 25-12
2016-04-05,True,MIN,2,06:26,False,3,27,41,238,Missed 3-pointer from 27 ft,GSW leads 38-32
2016-04-05,True,MIN,2,03:02,False,3,25,408,245,Missed 3-pointer from 25 ft,GSW leads 49-38
2016-04-05,True,MIN,2,02:20,False,2,2,260,61,Missed 2-pointer from 2 ft,GSW leads 49-41
2016-04-05,True,MIN,2,01:45,False,2,3,267,66,Missed 2-pointer from 3 ft,GSW leads 49-44
2016-04-05,True,MIN,2,00:02,False,3,30,36,274,Missed 3-pointer from 30 ft,GSW leads 55-46
2016-04-05,True,MIN,3,09:11,True,3,24,229,299,Made 3-pointer from 24 ft,GSW now leads 60-49
2016-04-05,True,MIN,3,04:32,False,2,5,249,102,Missed 2-pointer from 5 ft,GSW leads 73-60
2016-04-05,True,MIN,3,03:09,True,3,24,440,194,Made 3-pointer from 24 ft,GSW now leads 78-65
2016-04-05,True,MIN,3,01:51,True,3,28,426,264,Made 3-pointer from 28 ft,GSW now leads 81-70
2016-04-05,True,MIN,3,01:22,True,3,27,239,323,Made 3-pointer from 27 ft,GSW now leads 84-72
2016-04-05,True,MIN,3,00:12,False,3,28,367,307,Missed 3-pointer from 28 ft,GSW leads 84-76
2016-04-05,True,MIN,4,05:39,True,2,8,221,130,Made 2-pointer from 8 ft,GSW now leads 100-96
2016-04-05,True,MIN,4,04:09,True,2,2,233,71,Made 2-pointer from 2 ft,GSW now leads 104-98
2016-04-05,True,MIN,4,03:25,False,3,24,440,196,Missed 3-pointer from 24 ft,GSW leads 104-100
2016-04-05,True,MIN,4,01:24,False,3,25,233,307,Missed 3-pointer from 25 ft,GSW leads 106-103
2016-04-05,True,MIN,1,04:22,False,2,14,388,66,Missed 2-pointer from 14 ft,GSW trails 106-108
2016-04-05,True,MIN,1,03:45,False,2,3,233,83,Missed 2-pointer from 3 ft,GSW trails 106-110
2016-04-05,True,MIN,1,02:22,False,2,22,141,253,Missed 2-pointer from 22 ft,GSW trails 109-114
2016-04-05,True,MIN,1,01:18,True,2,1,238,61,Made 2-pointer from 1 ft,GSW now trails 113-116
2016-04-05,True,MIN,1,00:51,False,3,25,426,228,Missed 3-pointer from 25 ft,GSW trails 114-118
2016-04-05,True,MIN,1,00:42,False,2,1,231,66,Missed 2-pointer from 1 ft,GSW trails 114-119
2016-04-05,True,MIN,1,00:17,False,3,28,69,282,Missed 3-pointer from 28 ft,GSW trails 117-124
2016-04-07,True,SAS,1,10:33,False,2,19,362,201,Missed 2-pointer from 19 ft,GSW leads 3-2
2016-04-07,True,SAS,1,03:57,False,2,17,116,179,Missed 2-pointer from 17 ft,GSW leads 13-10
2016-04-07,True,SAS,1,03:38,True,2,1,231,57,Made 2-pointer from 1 ft,GSW now leads 15-13
2016-04-07,True,SAS,1,02:35,False,2,13,354,127,Missed 2-pointer from 13 ft,GSW leads 15-13
2016-04-07,True,SAS,1,01:13,False,2,2,224,71,Missed 2-pointer from 2 ft,GSW leads 18-15
2016-04-07,True,SAS,1,00:14,True,2,2,257,73,Made 2-pointer from 2 ft,GSW now leads 20-15
2016-04-07,True,SAS,2,04:21,True,3,25,82,253,Made 3-pointer from 25 ft,GSW now leads 41-29
2016-04-07,True,SAS,3,11:44,False,3,24,84,243,Missed 3-pointer from 24 ft,GSW leads 52-40
2016-04-07,True,SAS,3,10:34,True,2,13,288,176,Made 2-pointer from 13 ft,GSW now leads 56-44
2016-04-07,True,SAS,3,09:05,True,2,1,240,63,Made 2-pointer from 1 ft,GSW now leads 62-45
2016-04-07,True,SAS,3,08:05,True,2,16,71,63,Made 2-pointer from 16 ft,GSW now leads 64-47
2016-04-07,True,SAS,3,07:39,True,3,26,236,319,Made 3-pointer from 26 ft,GSW now leads 67-48
2016-04-07,True,SAS,3,06:49,False,3,25,233,302,Missed 3-pointer from 25 ft,GSW leads 69-48
2016-04-07,True,SAS,3,03:49,True,2,1,250,66,Made 2-pointer from 1 ft,GSW now leads 75-54
2016-04-07,True,SAS,3,03:21,True,2,1,239,61,Made 2-pointer from 1 ft,GSW now leads 77-56
2016-04-07,True,SAS,3,00:38,True,2,2,231,71,Made 2-pointer from 2 ft,GSW now leads 85-67
2016-04-07,True,SAS,4,05:09,False,3,26,373,278,Missed 3-pointer from 26 ft,GSW leads 105-92
2016-04-07,True,SAS,4,02:19,True,3,25,426,224,Made 3-pointer from 25 ft,GSW now leads 112-95
2016-04-09,False,MEM,1,06:59,True,2,17,85,125,Made 2-pointer from 17 ft,GSW now trails 15-17
2016-04-09,False,MEM,1,06:28,False,3,24,319,287,Missed 3-pointer from 24 ft,GSW leads 18-17
2016-04-09,False,MEM,1,06:07,False,3,24,296,289,Missed 3-pointer from 24 ft,GSW leads 18-17
2016-04-09,False,MEM,1,04:15,True,2,1,255,44,Made 2-pointer from 1 ft,GSW now leads 24-19
2016-04-09,False,MEM,1,03:17,True,2,1,226,57,Made 2-pointer from 1 ft,GSW now leads 28-21
2016-04-09,False,MEM,1,02:24,False,3,23,475,76,Missed 3-pointer from 23 ft,GSW leads 28-21
2016-04-09,False,MEM,1,02:02,False,2,3,208,50,Missed 2-pointer from 3 ft,GSW leads 28-24
2016-04-09,False,MEM,2,03:20,False,3,25,303,302,Missed 3-pointer from 25 ft,GSW trails 43-48
2016-04-09,False,MEM,3,10:22,False,2,20,424,137,Missed 2-pointer from 20 ft,GSW leads 53-52
2016-04-09,False,MEM,3,08:11,True,2,3,272,66,Made 2-pointer from 3 ft,GSW now leads 57-56
2016-04-09,False,MEM,3,07:36,True,3,24,249,292,Made 3-pointer from 24 ft,GSW now leads 60-56
2016-04-09,False,MEM,3,06:45,False,3,26,419,245,Missed 3-pointer from 26 ft,GSW leads 60-59
2016-04-09,False,MEM,3,04:08,False,3,27,275,319,Missed 3-pointer from 27 ft,GSW tied 65-65
2016-04-09,False,MEM,3,03:21,False,3,29,462,243,Missed 3-pointer from 29 ft,GSW trails 65-67
2016-04-09,False,MEM,3,02:23,False,2,3,257,81,Missed 2-pointer from 3 ft,GSW trails 65-69
2016-04-09,False,MEM,3,00:49,False,3,24,23,174,Missed 3-pointer from 24 ft,GSW trails 67-74
2016-04-09,False,MEM,3,00:06,True,3,24,458,170,Made 3-pointer from 24 ft,GSW now trails 70-76
2016-04-09,False,MEM,4,04:59,True,3,25,254,307,Made 3-pointer from 25 ft,GSW now trails 87-93
2016-04-09,False,MEM,4,01:01,False,2,2,259,66,Missed 2-pointer from 2 ft,GSW trails 98-99
2016-04-09,False,MEM,4,00:31,False,3,25,275,302,Missed 3-pointer from 25 ft,GSW leads 100-99
2016-04-09,False,MEM,4,00:09,False,3,23,467,111,Missed 3-pointer from 23 ft,GSW leads 100-99
2016-04-10,False,SAS,1,10:33,True,2,20,260,255,Made 2-pointer from 20 ft,GSW now trails 2-5
2016-04-10,False,SAS,1,10:00,False,3,25,414,235,Missed 3-pointer from 25 ft,GSW trails 2-5
2016-04-10,False,SAS,1,06:06,False,2,15,319,189,Missed 2-pointer from 15 ft,GSW trails 8-9
2016-04-10,False,SAS,1,05:22,True,3,24,411,224,Made 3-pointer from 24 ft,GSW now leads 11-9
2016-04-10,False,SAS,2,11:13,True,2,1,250,49,Made 2-pointer from 1 ft,GSW now trails 16-22
2016-04-10,False,SAS,2,08:56,False,3,25,395,253,Missed 3-pointer from 25 ft,GSW trails 18-25
2016-04-10,False,SAS,2,06:58,False,2,14,100,58,Missed 2-pointer from 14 ft,GSW trails 20-25
2016-04-10,False,SAS,2,01:12,True,2,9,146,76,Made 2-pointer from 9 ft,GSW now leads 35-33
2016-04-10,False,SAS,3,09:03,False,3,25,61,235,Missed 3-pointer from 25 ft,GSW trails 37-43
2016-04-10,False,SAS,3,08:31,True,3,25,249,302,Made 3-pointer from 25 ft,GSW now trails 40-45
2016-04-10,False,SAS,3,07:59,True,3,24,403,230,Made 3-pointer from 24 ft,GSW now trails 43-45
2016-04-10,False,SAS,3,07:09,False,3,23,476,71,Missed 3-pointer from 23 ft,GSW tied 45-45
2016-04-10,False,SAS,3,05:53,True,2,8,244,135,Made 2-pointer from 8 ft,GSW now leads 51-47
2016-04-10,False,SAS,3,04:44,False,2,15,84,52,Missed 2-pointer from 15 ft,GSW tied 51-51
2016-04-10,False,SAS,3,03:39,True,3,25,460,181,Made 3-pointer from 25 ft,GSW now leads 57-53
2016-04-10,False,SAS,3,03:04,True,2,13,162,160,Made 2-pointer from 13 ft,GSW now leads 59-55
2016-04-10,False,SAS,3,02:12,True,2,1,228,44,Made 2-pointer from 1 ft,GSW now leads 61-57
2016-04-10,False,SAS,3,01:38,False,2,21,408,184,Missed 2-pointer from 21 ft,GSW leads 62-58
2016-04-10,False,SAS,4,05:30,True,2,17,365,179,Made 2-pointer from 17 ft,GSW now leads 80-73
2016-04-10,False,SAS,4,03:30,False,3,27,75,269,Missed 3-pointer from 27 ft,GSW leads 84-75
2016-04-10,False,SAS,4,02:22,True,2,2,257,61,Made 2-pointer from 2 ft,GSW now leads 88-77
2016-04-10,False,SAS,4,01:34,True,2,2,267,50,Made 2-pointer from 2 ft,GSW now leads 90-79
2016-04-13,True,MEM,1,09:44,False,3,27,62,263,Missed 3-pointer from 27 ft,GSW trails 3-4
2016-04-13,True,MEM,1,09:13,True,3,27,363,292,Made 3-pointer from 27 ft,GSW now leads 6-4
2016-04-13,True,MEM,1,07:59,True,3,25,322,292,Made 3-pointer from 25 ft,GSW now leads 12-9
2016-04-13,True,MEM,1,04:44,True,3,31,240,363,Made 3-pointer from 31 ft,GSW now leads 21-16
2016-04-13,True,MEM,1,04:21,True,3,26,151,302,Made 3-pointer from 26 ft,GSW now leads 24-16
2016-04-13,True,MEM,1,03:47,True,3,27,98,287,Made 3-pointer from 27 ft,GSW now leads 27-16
2016-04-13,True,MEM,1,03:21,False,3,29,218,341,Missed 3-pointer from 29 ft,GSW leads 27-16
2016-04-13,True,MEM,1,00:48,True,3,25,411,233,Made 3-pointer from 25 ft,GSW now leads 35-22
2016-04-13,True,MEM,1,00:07,False,3,31,172,361,Missed 3-pointer from 31 ft,GSW leads 35-23
2016-04-13,True,MEM,2,03:04,False,3,27,215,323,Missed 3-pointer from 27 ft,GSW leads 61-42
2016-04-13,True,MEM,2,02:48,True,3,26,324,302,Made 3-pointer from 26 ft,GSW now leads 64-42
2016-04-13,True,MEM,2,00:43,True,2,2,240,71,Made 2-pointer from 2 ft,GSW now leads 70-50
2016-04-13,True,MEM,2,00:08,False,3,30,326,341,Missed 3-pointer from 30 ft,GSW leads 70-50
2016-04-13,True,MEM,2,00:02,False,3,26,421,238,Missed 3-pointer from 26 ft,GSW leads 70-50
2016-04-13,True,MEM,3,11:17,True,3,23,473,101,Made 3-pointer from 23 ft,GSW now leads 73-53
2016-04-13,True,MEM,3,10:39,True,2,2,250,73,Made 2-pointer from 2 ft,GSW now leads 75-53
2016-04-13,True,MEM,3,09:34,True,3,30,241,358,Made 3-pointer from 30 ft,GSW now leads 78-55
2016-04-13,True,MEM,3,09:05,True,2,8,238,132,Made 2-pointer from 8 ft,GSW now leads 80-58
2016-04-13,True,MEM,3,06:57,False,3,24,480,50,Missed 3-pointer from 24 ft,GSW leads 82-64
2016-04-13,True,MEM,3,05:43,True,2,2,260,66,Made 2-pointer from 2 ft,GSW now leads 84-68
2016-04-13,True,MEM,3,02:43,False,3,30,244,353,Missed 3-pointer from 30 ft,GSW leads 90-74
2016-04-13,True,MEM,3,01:27,True,2,2,250,71,Made 2-pointer from 2 ft,GSW now leads 96-76
2016-04-13,True,MEM,3,00:33,False,3,27,449,233,Missed 3-pointer from 27 ft,GSW leads 99-79
2016-04-13,True,MEM,3,00:05,True,3,24,475,117,Made 3-pointer from 24 ft,GSW now leads 102-81
2016-04-16,True,HOU,1,09:59,False,3,23,13,78,Missed 3-pointer from 23 ft,GSW tied 0-0
2016-04-16,True,HOU,1,09:41,True,3,24,480,57,Made 3-pointer from 24 ft,GSW now leads 3-0
2016-04-16,True,HOU,1,09:20,False,2,3,220,71,Missed 2-pointer from 3 ft,GSW leads 3-0
2016-04-16,True,HOU,1,05:13,True,3,25,280,294,Made 3-pointer from 25 ft,GSW now leads 16-6
2016-04-16,True,HOU,1,04:48,False,3,26,200,302,Missed 3-pointer from 26 ft,GSW leads 16-6
2016-04-16,True,HOU,1,02:34,True,3,28,41,250,Made 3-pointer from 28 ft,GSW now leads 25-10
2016-04-16,True,HOU,1,01:36,True,2,1,231,61,Made 2-pointer from 1 ft,GSW now leads 28-13
2016-04-16,True,HOU,1,00:27,True,2,2,224,61,Made 2-pointer from 2 ft,GSW now leads 33-15
2016-04-16,True,HOU,1,00:02,False,2,3,236,78,Missed 2-pointer from 3 ft,GSW leads 33-15
2016-04-16,True,HOU,2,05:09,True,3,25,362,268,Made 3-pointer from 25 ft,GSW now leads 47-27
2016-04-16,True,HOU,2,03:39,True,2,2,249,66,Made 2-pointer from 2 ft,GSW now leads 51-30
2016-04-16,True,HOU,2,03:08,True,3,26,349,289,Made 3-pointer from 26 ft,GSW now leads 54-30
2016-04-16,True,HOU,2,02:10,False,2,12,349,101,Missed 2-pointer from 12 ft,GSW leads 54-30
2016-04-24,False,HOU,1,11:46,False,3,26,332,292,Missed 3-pointer from 26 ft,GSW tied 0-0
2016-04-24,False,HOU,1,09:45,False,3,26,399,253,Missed 3-pointer from 26 ft,GSW trails 3-4
2016-04-24,False,HOU,1,08:24,False,3,25,431,209,Missed 3-pointer from 25 ft,GSW trails 5-8
2016-04-24,False,HOU,1,08:17,True,2,3,265,71,Made 2-pointer from 3 ft,GSW now trails 7-8
2016-04-24,False,HOU,1,06:33,False,2,12,130,93,Missed 2-pointer from 12 ft,GSW leads 14-9
2016-04-24,False,HOU,2,08:27,False,3,25,336,284,Missed 3-pointer from 25 ft,GSW trails 36-43
2016-04-24,False,HOU,2,07:34,True,3,27,110,287,Made 3-pointer from 27 ft,GSW now trails 41-43
2016-04-24,False,HOU,2,05:17,False,3,23,8,44,Missed 3-pointer from 23 ft,GSW trails 44-50
2016-04-24,False,HOU,2,00:36,False,3,25,329,287,Missed 3-pointer from 25 ft,GSW trails 54-55
2016-05-09,False,POR,1,04:42,False,2,5,287,55,Missed 2-pointer from 5 ft,GSW trails 5-21
2016-05-09,False,POR,1,03:32,True,2,15,359,145,Made 2-pointer from 15 ft,GSW now trails 9-21
2016-05-09,False,POR,1,01:54,False,3,32,414,317,Missed 3-pointer from 32 ft,GSW trails 14-23
2016-05-09,False,POR,1,01:16,True,2,18,311,215,Made 2-pointer from 18 ft,GSW now trails 16-23
2016-05-09,False,POR,1,00:33,False,3,25,406,238,Missed 3-pointer from 25 ft,GSW trails 18-24
2016-05-09,False,POR,2,05:20,False,2,21,413,170,Missed 2-pointer from 21 ft,GSW trails 35-48
2016-05-09,False,POR,2,04:54,True,2,10,341,58,Made 2-pointer from 10 ft,GSW now trails 39-48
2016-05-09,False,POR,2,03:27,False,3,23,472,39,Missed 3-pointer from 23 ft,GSW trails 45-48
2016-05-09,False,POR,2,02:04,True,2,1,249,44,Made 2-pointer from 1 ft,GSW now trails 50-56
2016-05-09,False,POR,2,01:16,False,3,29,154,322,Missed 3-pointer from 29 ft,GSW trails 52-62
2016-05-09,False,POR,2,00:34,True,2,2,264,44,Made 2-pointer from 2 ft,GSW now trails 56-67
2016-05-09,False,POR,2,00:04,False,2,2,220,52,Missed 2-pointer from 2 ft,GSW trails 57-67
2016-05-09,False,POR,3,10:26,False,3,26,401,248,Missed 3-pointer from 26 ft,GSW trails 59-69
2016-05-09,False,POR,3,06:40,False,3,25,154,289,Missed 3-pointer from 25 ft,GSW trails 66-73
2016-05-09,False,POR,3,05:05,True,2,0,240,52,Made 2-pointer from 0 ft,GSW now trails 73-76
2016-05-09,False,POR,3,04:02,False,3,23,470,45,Missed 3-pointer from 23 ft,GSW trails 76-78
2016-05-09,False,POR,3,00:02,False,3,30,103,322,Missed 3-pointer from 30 ft,GSW leads 86-85
2016-05-09,False,POR,4,10:39,True,2,2,264,44,Made 2-pointer from 2 ft,GSW now leads 88-87
2016-05-09,False,POR,4,09:01,True,2,22,35,140,Made 2-pointer from 22 ft,GSW now leads 92-87
2016-05-09,False,POR,4,04:35,True,3,25,476,125,Made 3-pointer from 25 ft,GSW now leads 103-100
2016-05-09,False,POR,4,04:09,False,3,26,422,233,Missed 3-pointer from 26 ft,GSW leads 103-102
2016-05-09,False,POR,4,02:01,True,3,29,257,337,Made 3-pointer from 29 ft,GSW now trails 106-107
2016-05-09,False,POR,4,01:07,False,3,30,134,332,Missed 3-pointer from 30 ft,GSW trails 108-109
2016-05-09,False,POR,4,00:03,False,2,11,344,76,Missed 2-pointer from 11 ft,GSW tied 111-111
2016-05-09,False,POR,1,04:27,True,2,11,136,91,Made 2-pointer from 11 ft,GSW now leads 113-111
2016-05-09,False,POR,1,03:21,True,3,26,84,264,Made 3-pointer from 26 ft,GSW now tied 116-116
2016-05-09,False,POR,1,02:40,True,2,1,238,63,Made 2-pointer from 1 ft,GSW now tied 118-118
2016-05-09,False,POR,1,02:21,True,2,1,241,44,Made 2-pointer from 1 ft,GSW now leads 120-118
2016-05-09,False,POR,1,01:51,True,3,26,240,307,Made 3-pointer from 26 ft,GSW now leads 123-118
2016-05-09,False,POR,1,01:05,True,3,25,398,248,Made 3-pointer from 25 ft,GSW now leads 128-120
2016-05-09,False,POR,1,00:53,False,2,2,223,50,Missed 2-pointer from 2 ft,GSW leads 128-120
2016-05-11,True,POR,1,10:17,False,3,23,13,61,Missed 3-pointer from 23 ft,GSW trails 4-5
2016-05-11,True,POR,1,07:50,False,2,5,233,101,Missed 2-pointer from 5 ft,GSW trails 8-12
2016-05-11,True,POR,1,05:29,True,2,18,221,224,Made 2-pointer from 18 ft,GSW now trails 12-20
2016-05-11,True,POR,1,04:40,False,3,33,23,304,Missed 3-pointer from 33 ft,GSW trails 14-20
2016-05-11,True,POR,1,04:34,True,3,23,12,61,Made 3-pointer from 23 ft,GSW now trails 17-20
2016-05-11,True,POR,1,02:35,False,3,28,131,307,Missed 3-pointer from 28 ft,GSW tied 23-23
2016-05-11,True,POR,2,06:21,False,2,23,238,279,Missed 2-pointer from 23 ft,GSW trails 38-44
2016-05-11,True,POR,2,04:05,True,2,1,238,63,Made 2-pointer from 1 ft,GSW now trails 42-49
2016-05-11,True,POR,2,02:44,False,3,25,270,302,Missed 3-pointer from 25 ft,GSW trails 47-56
2016-05-11,True,POR,3,10:03,True,2,22,377,220,Made 2-pointer from 22 ft,GSW now trails 62-66
2016-05-11,True,POR,3,09:34,False,3,26,138,287,Missed 3-pointer from 26 ft,GSW trails 62-68
2016-05-11,True,POR,3,07:00,True,3,25,403,245,Made 3-pointer from 25 ft,GSW now leads 75-73
2016-05-11,True,POR,3,05:59,False,3,27,216,317,Missed 3-pointer from 27 ft,GSW tied 75-75
2016-05-11,True,POR,3,00:05,True,3,27,408,263,Made 3-pointer from 27 ft,GSW now leads 93-91
2016-05-11,True,POR,4,06:54,True,2,3,220,76,Made 2-pointer from 3 ft,GSW now leads 106-99
2016-05-11,True,POR,4,05:35,True,2,11,187,145,Made 2-pointer from 11 ft,GSW now leads 110-102
2016-05-11,True,POR,4,04:38,False,2,2,244,73,Missed 2-pointer from 2 ft,GSW leads 110-106
2016-05-11,True,POR,4,03:11,True,3,28,293,327,Made 3-pointer from 28 ft,GSW now leads 116-109
2016-05-11,True,POR,4,00:58,False,2,22,386,209,Missed 2-pointer from 22 ft,GSW leads 118-116
2016-05-11,True,POR,4,00:25,True,3,26,303,307,Made 3-pointer from 26 ft,GSW now leads 121-116
2016-05-16,True,OKC,1,10:57,False,2,15,87,71,Missed 2-pointer from 15 ft,GSW tied 2-2
2016-05-16,True,OKC,1,09:35,False,3,25,270,302,Missed 3-pointer from 25 ft,GSW trails 5-6
2016-05-16,True,OKC,1,06:39,False,2,19,359,194,Missed 2-pointer from 19 ft,GSW trails 9-10
2016-05-16,True,OKC,1,05:38,False,3,23,8,52,Missed 3-pointer from 23 ft,GSW leads 11-10
2016-05-16,True,OKC,1,05:26,True,2,22,388,214,Made 2-pointer from 22 ft,GSW now leads 13-11
2016-05-16,True,OKC,1,04:58,True,2,6,215,102,Made 2-pointer from 6 ft,GSW now leads 15-11
2016-05-16,True,OKC,1,04:03,True,2,2,226,61,Made 2-pointer from 2 ft,GSW now leads 17-13
2016-05-16,True,OKC,2,05:50,False,3,25,298,297,Missed 3-pointer from 25 ft,GSW leads 44-34
2016-05-16,True,OKC,2,00:42,True,3,27,61,253,Made 3-pointer from 27 ft,GSW now leads 57-45
2016-05-16,True,OKC,2,00:28,False,2,1,249,57,Missed 2-pointer from 1 ft,GSW leads 57-45
2016-05-16,True,OKC,2,00:02,True,3,30,79,299,Made 3-pointer from 30 ft,GSW now leads 60-47
2016-05-16,True,OKC,3,11:50,False,3,25,252,297,Missed 3-pointer from 25 ft,GSW leads 60-47
2016-05-16,True,OKC,3,09:47,True,3,28,399,278,Made 3-pointer from 28 ft,GSW now leads 64-52
2016-05-16,True,OKC,3,04:04,True,3,32,341,351,Made 3-pointer from 32 ft,GSW now leads 78-68
2016-05-16,True,OKC,3,03:32,True,3,25,136,279,Made 3-pointer from 25 ft,GSW now leads 81-69
2016-05-16,True,OKC,3,00:32,False,3,27,102,278,Missed 3-pointer from 27 ft,GSW leads 88-83
2016-05-16,True,OKC,4,07:52,False,2,6,282,97,Missed 2-pointer from 6 ft,GSW trails 91-95
2016-05-16,True,OKC,4,06:10,False,3,30,270,348,Missed 3-pointer from 30 ft,GSW trails 93-97
2016-05-16,True,OKC,4,04:28,True,3,24,475,101,Made 3-pointer from 24 ft,GSW now trails 96-101
2016-05-16,True,OKC,4,02:54,False,2,2,238,66,Missed 2-pointer from 2 ft,GSW trails 98-101
2016-05-16,True,OKC,4,00:11,False,3,27,413,253,Missed 3-pointer from 27 ft,GSW trails 102-106
2016-05-16,True,OKC,4,00:07,False,3,27,252,317,Missed 3-pointer from 27 ft,GSW trails 102-108
2016-05-18,True,OKC,1,11:44,False,3,25,66,233,Missed 3-pointer from 25 ft,GSW tied 0-0
2016-05-18,True,OKC,1,04:55,True,3,25,234,304,Made 3-pointer from 25 ft,GSW now leads 16-12
2016-05-18,True,OKC,1,04:20,True,2,6,241,107,Made 2-pointer from 6 ft,GSW now leads 18-14
2016-05-18,True,OKC,1,03:40,True,3,26,360,278,Made 3-pointer from 26 ft,GSW now leads 22-16
2016-05-18,True,OKC,1,03:16,False,3,26,44,224,Missed 3-pointer from 26 ft,GSW leads 22-16
2016-05-18,True,OKC,1,00:07,True,2,1,249,61,Made 2-pointer from 1 ft,GSW now leads 27-20
2016-05-18,True,OKC,2,07:15,False,2,3,249,83,Missed 2-pointer from 3 ft,GSW leads 37-34
2016-05-18,True,OKC,3,10:14,False,2,13,298,170,Missed 2-pointer from 13 ft,GSW leads 59-51
2016-05-18,True,OKC,3,08:16,False,2,18,322,209,Missed 2-pointer from 18 ft,GSW leads 64-55
2016-05-18,True,OKC,3,07:09,True,3,27,39,228,Made 3-pointer from 27 ft,GSW now leads 67-57
2016-05-18,True,OKC,3,06:07,True,3,26,93,260,Made 3-pointer from 26 ft,GSW now leads 74-59
2016-05-18,True,OKC,3,05:47,True,2,22,231,273,Made 2-pointer from 22 ft,GSW now leads 76-59
2016-05-18,True,OKC,3,05:11,True,3,26,67,240,Made 3-pointer from 26 ft,GSW now leads 79-59
2016-05-18,True,OKC,3,03:39,False,3,30,396,307,Missed 3-pointer from 30 ft,GSW leads 83-62
2016-05-18,True,OKC,3,02:47,True,2,1,250,61,Made 2-pointer from 1 ft,GSW now leads 85-62
2016-05-22,False,OKC,1,11:34,True,2,13,131,125,Made 2-pointer from 13 ft,GSW now leads 2-0
2016-05-22,False,OKC,1,10:19,False,3,26,105,268,Missed 3-pointer from 26 ft,GSW trails 2-4
2016-05-22,False,OKC,1,08:35,True,3,24,246,289,Made 3-pointer from 24 ft,GSW now leads 9-8
2016-05-22,False,OKC,1,07:43,False,3,25,264,302,Missed 3-pointer from 25 ft,GSW trails 11-13
2016-05-22,False,OKC,1,04:20,False,3,25,215,294,Missed 3-pointer from 25 ft,GSW trails 15-28
2016-05-22,False,OKC,1,00:42,True,3,23,465,66,Made 3-pointer from 23 ft,GSW now trails 28-32
2016-05-22,False,OKC,2,07:01,False,3,25,372,263,Missed 3-pointer from 25 ft,GSW trails 40-46
2016-05-22,False,OKC,2,04:52,True,2,17,187,209,Made 2-pointer from 17 ft,GSW now trails 44-53
2016-05-22,False,OKC,2,03:35,False,3,26,95,264,Missed 3-pointer from 26 ft,GSW trails 46-55
2016-05-22,False,OKC,2,02:51,False,2,22,285,269,Missed 2-pointer from 22 ft,GSW trails 46-59
2016-05-22,False,OKC,2,01:25,False,2,5,234,101,Missed 2-pointer from 5 ft,GSW trails 47-64
2016-05-22,False,OKC,2,00:36,False,3,23,12,66,Missed 3-pointer from 23 ft,GSW trails 47-68
2016-05-22,False,OKC,3,11:47,True,2,19,372,186,Made 2-pointer from 19 ft,GSW now trails 49-72
2016-05-22,False,OKC,3,05:51,False,3,28,267,328,Missed 3-pointer from 28 ft,GSW trails 59-90
2016-05-22,False,OKC,3,04:15,True,3,25,210,297,Made 3-pointer from 25 ft,GSW now trails 66-97
2016-05-22,False,OKC,3,02:24,True,2,20,111,199,Made 2-pointer from 20 ft,GSW now trails 70-107
2016-05-24,False,OKC,1,11:48,False,3,29,103,302,Missed 3-pointer from 29 ft,GSW tied 0-0
2016-05-24,False,OKC,1,08:43,False,2,1,241,63,Missed 2-pointer from 1 ft,GSW leads 6-4
2016-05-24,False,OKC,1,05:28,True,3,24,275,292,Made 3-pointer from 24 ft,GSW now trails 11-22
2016-05-24,False,OKC,1,03:27,False,3,25,221,302,Missed 3-pointer from 25 ft,GSW trails 15-27
2016-05-24,False,OKC,1,02:15,False,3,25,53,214,Missed 3-pointer from 25 ft,GSW trails 19-30
2016-05-24,False,OKC,1,01:56,False,2,4,277,50,Missed 2-pointer from 4 ft,GSW trails 19-30
2016-05-24,False,OKC,1,00:09,False,2,22,427,160,Missed 2-pointer from 22 ft,GSW trails 24-30
2016-05-24,False,OKC,2,06:03,False,2,1,246,53,Missed 2-pointer from 1 ft,GSW trails 40-46
2016-05-24,False,OKC,2,05:40,False,3,26,116,278,Missed 3-pointer from 26 ft,GSW trails 40-48
2016-05-24,False,OKC,2,04:16,False,2,1,228,57,Missed 2-pointer from 1 ft,GSW trails 43-54
2016-05-24,False,OKC,2,03:16,True,2,22,61,171,Made 2-pointer from 22 ft,GSW now trails 45-58
2016-05-24,False,OKC,2,01:41,True,2,2,226,68,Made 2-pointer from 2 ft,GSW now trails 48-66
2016-05-24,False,OKC,2,00:12,True,3,25,267,297,Made 3-pointer from 25 ft,GSW now trails 53-69
2016-05-24,False,OKC,3,10:16,False,3,25,180,289,Missed 3-pointer from 25 ft,GSW trails 55-72
2016-05-24,False,OKC,3,05:45,False,3,23,472,86,Missed 3-pointer from 23 ft,GSW trails 70-78
2016-05-24,False,OKC,3,01:35,False,3,25,406,238,Missed 3-pointer from 25 ft,GSW trails 80-91
2016-05-24,False,OKC,4,07:42,True,2,10,324,106,Made 2-pointer from 10 ft,GSW now trails 89-103
2016-05-24,False,OKC,4,06:01,False,2,2,239,68,Missed 2-pointer from 2 ft,GSW trails 89-105
2016-05-24,False,OKC,4,04:07,True,2,1,250,57,Made 2-pointer from 1 ft,GSW now trails 91-109
2016-05-26,True,OKC,1,08:16,True,2,22,193,264,Made 2-pointer from 22 ft,GSW now leads 11-7
2016-05-26,True,OKC,1,05:38,False,3,26,377,268,Missed 3-pointer from 26 ft,GSW leads 15-10
2016-05-26,True,OKC,1,03:58,False,3,32,97,337,Missed 3-pointer from 32 ft,GSW leads 17-10
2016-05-26,True,OKC,2,06:22,True,2,7,239,120,Made 2-pointer from 7 ft,GSW now leads 42-39
2016-05-26,True,OKC,2,05:59,True,3,26,265,312,Made 3-pointer from 26 ft,GSW now leads 45-39
2016-05-26,True,OKC,2,05:24,True,2,1,229,52,Made 2-pointer from 1 ft,GSW now leads 47-39
2016-05-26,True,OKC,2,04:55,False,3,27,41,235,Missed 3-pointer from 27 ft,GSW leads 47-41
2016-05-26,True,OKC,2,00:18,False,2,2,223,58,Missed 2-pointer from 2 ft,GSW leads 56-50
2016-05-26,True,OKC,3,10:02,True,3,23,7,57,Made 3-pointer from 23 ft,GSW now leads 63-59
2016-05-26,True,OKC,3,08:32,False,2,18,97,165,Missed 2-pointer from 18 ft,GSW leads 63-61
2016-05-26,True,OKC,3,06:21,True,2,2,244,71,Made 2-pointer from 2 ft,GSW now leads 67-65
2016-05-26,True,OKC,3,05:33,False,2,2,224,53,Missed 2-pointer from 2 ft,GSW leads 69-68
2016-05-26,True,OKC,3,03:14,False,2,14,357,120,Missed 2-pointer from 14 ft,GSW leads 74-70
2016-05-26,True,OKC,3,01:36,True,3,25,447,184,Made 3-pointer from 25 ft,GSW now leads 79-72
2016-05-26,True,OKC,4,06:02,False,3,26,141,287,Missed 3-pointer from 26 ft,GSW leads 101-90
2016-05-26,True,OKC,4,05:01,False,2,2,239,68,Missed 2-pointer from 2 ft,GSW leads 103-93
2016-05-26,True,OKC,4,04:09,True,2,3,246,76,Made 2-pointer from 3 ft,GSW now leads 105-98
2016-05-26,True,OKC,4,03:18,False,2,3,216,61,Missed 2-pointer from 3 ft,GSW leads 107-100
2016-05-26,True,OKC,4,02:39,False,3,27,440,233,Missed 3-pointer from 27 ft,GSW leads 107-100
2016-05-26,True,OKC,4,01:02,True,2,1,252,58,Made 2-pointer from 1 ft,GSW now leads 111-101
2016-05-28,False,OKC,1,10:16,False,2,23,226,282,Missed 2-pointer from 23 ft,GSW tied 3-3
2016-05-28,False,OKC,1,08:44,False,2,15,131,150,Missed 2-pointer from 15 ft,GSW trails 5-7
2016-05-28,False,OKC,1,04:01,False,3,25,329,279,Missed 3-pointer from 25 ft,GSW trails 12-16
2016-05-28,False,OKC,2,07:20,True,3,26,275,307,Made 3-pointer from 26 ft,GSW now trails 26-33
2016-05-28,False,OKC,2,06:20,False,2,0,243,49,Missed 2-pointer from 0 ft,GSW trails 26-35
2016-05-28,False,OKC,2,05:19,False,3,25,149,282,Missed 3-pointer from 25 ft,GSW trails 28-37
2016-05-28,False,OKC,2,00:55,True,3,27,355,294,Made 3-pointer from 27 ft,GSW now trails 45-49
2016-05-28,False,OKC,3,08:43,False,3,25,337,278,Missed 3-pointer from 25 ft,GSW tied 59-59
2016-05-28,False,OKC,3,08:07,True,3,23,18,122,Made 3-pointer from 23 ft,GSW now leads 62-61
2016-05-28,False,OKC,3,07:22,False,2,6,257,112,Missed 2-pointer from 6 ft,GSW trails 62-63
2016-05-28,False,OKC,3,04:58,True,3,26,149,297,Made 3-pointer from 26 ft,GSW now trails 69-71
2016-05-28,False,OKC,3,04:21,False,3,25,460,160,Missed 3-pointer from 25 ft,GSW trails 69-74
2016-05-28,False,OKC,3,03:53,True,2,20,43,52,Made 2-pointer from 20 ft,GSW now trails 71-74
2016-05-28,False,OKC,3,03:27,True,2,1,238,58,Made 2-pointer from 1 ft,GSW now trails 73-74
2016-05-28,False,OKC,3,01:25,False,2,22,21,50,Missed 2-pointer from 22 ft,GSW trails 75-81
2016-05-28,False,OKC,3,01:12,False,3,24,295,284,Missed 3-pointer from 24 ft,GSW trails 75-81
2016-05-28,False,OKC,4,08:43,False,3,23,470,63,Missed 3-pointer from 23 ft,GSW trails 81-89
2016-05-28,False,OKC,4,06:05,False,3,24,475,66,Missed 3-pointer from 24 ft,GSW trails 87-93
2016-05-28,False,OKC,4,03:58,True,3,25,252,297,Made 3-pointer from 25 ft,GSW now trails 96-97
2016-05-28,False,OKC,4,02:48,True,3,26,133,282,Made 3-pointer from 26 ft,GSW now tied 99-99
2016-05-28,False,OKC,4,01:01,False,2,1,244,63,Missed 2-pointer from 1 ft,GSW leads 104-101
2016-05-30,True,OKC,1,08:59,False,2,5,224,97,Missed 2-pointer from 5 ft,GSW trails 2-4
2016-05-30,True,OKC,1,07:02,True,3,29,368,307,Made 3-pointer from 29 ft,GSW now trails 7-8
2016-05-30,True,OKC,1,06:27,True,3,25,36,189,Made 3-pointer from 25 ft,GSW now trails 10-11
2016-05-30,True,OKC,1,05:53,False,2,17,107,160,Missed 2-pointer from 17 ft,GSW trails 10-11
2016-05-30,True,OKC,1,03:38,True,2,0,241,53,Made 2-pointer from 0 ft,GSW now trails 15-16
2016-05-30,True,OKC,1,02:52,False,3,29,197,333,Missed 3-pointer from 29 ft,GSW trails 15-21
2016-05-30,True,OKC,1,01:18,False,2,19,336,214,Missed 2-pointer from 19 ft,GSW trails 17-22
2016-05-30,True,OKC,1,00:11,False,2,3,231,78,Missed 2-pointer from 3 ft,GSW trails 19-24
2016-05-30,True,OKC,2,01:20,True,2,17,244,219,Made 2-pointer from 17 ft,GSW now trails 38-45
2016-05-30,True,OKC,2,00:10,False,2,2,255,68,Missed 2-pointer from 2 ft,GSW trails 40-45
2016-05-30,True,OKC,2,00:01,True,2,7,203,111,Made 2-pointer from 7 ft,GSW now trails 42-48
2016-05-30,True,OKC,3,10:56,False,2,22,25,57,Missed 2-pointer from 22 ft,GSW trails 42-48
2016-05-30,True,OKC,3,09:19,True,3,28,375,294,Made 3-pointer from 28 ft,GSW now trails 45-50
2016-05-30,True,OKC,3,07:21,True,3,26,395,264,Made 3-pointer from 26 ft,GSW now tied 54-54
2016-05-30,True,OKC,3,06:24,True,3,25,79,243,Made 3-pointer from 25 ft,GSW now leads 57-54
2016-05-30,True,OKC,3,05:11,False,3,26,206,312,Missed 3-pointer from 26 ft,GSW leads 57-56
2016-05-30,True,OKC,3,00:27,False,3,27,311,307,Missed 3-pointer from 27 ft,GSW leads 71-60
2016-05-30,True,OKC,3,00:01,False,3,36,388,376,Missed 3-pointer from 36 ft,GSW leads 71-60
2016-05-30,True,OKC,4,08:06,True,3,28,416,263,Made 3-pointer from 28 ft,GSW now leads 76-69
2016-05-30,True,OKC,4,07:36,True,2,16,244,206,Made 2-pointer from 16 ft,GSW now leads 78-69
2016-05-30,True,OKC,4,06:55,True,2,1,234,61,Made 2-pointer from 1 ft,GSW now leads 80-72
2016-05-30,True,OKC,4,05:52,False,3,26,452,204,Missed 3-pointer from 26 ft,GSW leads 82-75
2016-05-30,True,OKC,4,03:10,True,2,2,246,68,Made 2-pointer from 2 ft,GSW now leads 90-79
2016-05-30,True,OKC,4,00:27,True,3,27,406,258,Made 3-pointer from 27 ft,GSW now leads 96-86
2016-06-02,True,CLE,1,07:28,True,3,26,36,214,Made 3-pointer from 26 ft,GSW now leads 14-9
2016-06-02,True,CLE,1,03:52,True,3,25,25,179,Made 3-pointer from 25 ft,GSW now leads 24-17
2016-06-02,True,CLE,1,00:42,False,3,23,8,52,Missed 3-pointer from 23 ft,GSW leads 26-24
2016-06-02,True,CLE,2,05:20,False,2,17,408,66,Missed 2-pointer from 17 ft,GSW leads 43-32
2016-06-02,True,CLE,2,04:39,False,3,29,75,292,Missed 3-pointer from 29 ft,GSW leads 45-33
2016-06-02,True,CLE,2,02:53,False,2,20,413,147,Missed 2-pointer from 20 ft,GSW leads 47-38
2016-06-02,True,CLE,2,00:59,False,2,4,265,83,Missed 2-pointer from 4 ft,GSW leads 49-41
2016-06-02,True,CLE,2,00:08,False,3,27,126,292,Missed 3-pointer from 27 ft,GSW leads 52-43
2016-06-02,True,CLE,3,10:59,False,2,5,238,97,Missed 2-pointer from 5 ft,GSW leads 52-43
2016-06-02,True,CLE,3,10:57,False,2,3,223,76,Missed 2-pointer from 3 ft,GSW leads 52-43
2016-06-02,True,CLE,3,01:29,False,3,27,90,273,Missed 3-pointer from 27 ft,GSW trails 67-68
2016-06-02,True,CLE,3,00:55,True,2,5,264,91,Made 2-pointer from 5 ft,GSW now leads 71-68
2016-06-02,True,CLE,3,00:01,False,3,37,416,376,Missed 3-pointer from 37 ft,GSW leads 74-68
2016-06-02,True,CLE,4,04:27,False,2,2,223,66,Missed 2-pointer from 2 ft,GSW leads 96-82
2016-06-02,True,CLE,4,02:54,True,3,27,93,273,Made 3-pointer from 27 ft,GSW now leads 101-87
2016-06-05,True,CLE,1,10:42,False,3,29,102,302,Missed 3-pointer from 29 ft,GSW trails 0-4
2016-06-05,True,CLE,1,09:46,False,3,26,403,255,Missed 3-pointer from 26 ft,GSW trails 0-4
2016-06-05,True,CLE,1,05:29,True,3,27,220,323,Made 3-pointer from 27 ft,GSW now leads 11-10
2016-06-05,True,CLE,1,03:24,False,3,26,221,309,Missed 3-pointer from 26 ft,GSW tied 13-13
2016-06-05,True,CLE,1,02:57,True,2,8,184,102,Made 2-pointer from 8 ft,GSW now leads 17-13
2016-06-05,True,CLE,2,06:49,False,3,25,224,304,Missed 3-pointer from 25 ft,GSW leads 37-30
2016-06-05,True,CLE,2,05:53,True,2,13,175,165,Made 2-pointer from 13 ft,GSW now leads 39-30
2016-06-05,True,CLE,2,03:26,True,3,28,97,287,Made 3-pointer from 28 ft,GSW now leads 45-35
2016-06-05,True,CLE,2,02:26,True,2,2,240,66,Made 2-pointer from 2 ft,GSW now leads 50-37
2016-06-05,True,CLE,3,10:22,True,3,26,434,228,Made 3-pointer from 26 ft,GSW now leads 55-46
2016-06-05,True,CLE,4,11:18,True,3,30,431,279,Made 3-pointer from 30 ft,GSW now leads 85-62
2016-06-08,False,CLE,1,11:12,False,2,10,264,147,Missed 2-pointer from 10 ft,GSW tied 0-0
2016-06-08,False,CLE,1,06:02,False,3,26,401,248,Missed 3-pointer from 26 ft,GSW trails 4-15
2016-06-08,False,CLE,1,00:25,False,3,27,95,278,Missed 3-pointer from 27 ft,GSW trails 14-33
2016-06-08,False,CLE,2,05:29,False,3,25,332,282,Missed 3-pointer from 25 ft,GSW trails 31-40
2016-06-08,False,CLE,2,04:05,True,2,10,144,71,Made 2-pointer from 10 ft,GSW now trails 33-43
2016-06-08,False,CLE,3,11:35,False,3,25,111,269,Missed 3-pointer from 25 ft,GSW trails 43-53
2016-06-08,False,CLE,3,05:32,True,3,26,208,307,Made 3-pointer from 26 ft,GSW now trails 51-70
2016-06-08,False,CLE,3,04:24,False,3,25,345,279,Missed 3-pointer from 25 ft,GSW trails 54-72
2016-06-08,False,CLE,3,03:51,True,3,23,12,49,Made 3-pointer from 23 ft,GSW now trails 59-74
2016-06-08,False,CLE,3,03:15,False,3,27,53,248,Missed 3-pointer from 27 ft,GSW trails 59-77
2016-06-08,False,CLE,3,01:57,True,2,1,231,52,Made 2-pointer from 1 ft,GSW now trails 61-81
2016-06-08,False,CLE,3,00:50,True,3,24,0,52,Made 3-pointer from 24 ft,GSW now trails 67-85
2016-06-08,False,CLE,4,05:53,True,2,1,238,45,Made 2-pointer from 1 ft,GSW now trails 79-103
2016-06-10,False,CLE,1,08:16,False,3,25,396,248,Missed 3-pointer from 25 ft,GSW tied 10-10
2016-06-10,False,CLE,1,07:27,False,2,18,57,73,Missed 2-pointer from 18 ft,GSW tied 10-10
2016-06-10,False,CLE,1,03:50,True,3,25,431,206,Made 3-pointer from 25 ft,GSW now tied 20-20
2016-06-10,False,CLE,1,01:48,True,3,25,198,292,Made 3-pointer from 25 ft,GSW now leads 27-24
2016-06-10,False,CLE,1,00:02,False,2,14,100,76,Missed 2-pointer from 14 ft,GSW leads 29-28
2016-06-10,False,CLE,2,07:02,True,3,24,3,45,Made 3-pointer from 24 ft,GSW now leads 37-33
2016-06-10,False,CLE,2,05:59,False,2,6,285,86,Missed 2-pointer from 6 ft,GSW leads 39-36
2016-06-10,False,CLE,2,04:17,False,2,2,229,63,Missed 2-pointer from 2 ft,GSW trails 41-42
2016-06-10,False,CLE,2,02:51,False,3,26,100,264,Missed 3-pointer from 26 ft,GSW trails 45-47
2016-06-10,False,CLE,2,00:26,True,2,15,170,179,Made 2-pointer from 15 ft,GSW now trails 50-55
2016-06-10,False,CLE,3,11:01,True,3,26,74,248,Made 3-pointer from 26 ft,GSW now trails 53-58
2016-06-10,False,CLE,3,08:37,True,3,25,445,189,Made 3-pointer from 25 ft,GSW now trails 58-63
2016-06-10,False,CLE,3,06:57,False,3,29,87,294,Missed 3-pointer from 29 ft,GSW trails 64-67
2016-06-10,False,CLE,3,05:34,False,3,24,381,248,Missed 3-pointer from 24 ft,GSW trails 64-69
2016-06-10,False,CLE,3,04:52,False,2,6,285,96,Missed 2-pointer from 6 ft,GSW trails 66-69
2016-06-10,False,CLE,3,04:07,True,3,25,-3,83,Made 3-pointer from 25 ft,GSW now leads 72-69
2016-06-10,False,CLE,3,03:27,False,3,28,79,273,Missed 3-pointer from 28 ft,GSW leads 72-69
2016-06-10,False,CLE,3,02:19,False,2,8,162,71,Missed 2-pointer from 8 ft,GSW leads 74-73
2016-06-10,False,CLE,3,01:33,True,2,1,241,44,Made 2-pointer from 1 ft,GSW now leads 76-73
2016-06-10,False,CLE,3,00:00,False,3,31,46,287,Missed 3-pointer from 31 ft,GSW leads 79-77
2016-06-10,False,CLE,4,06:50,True,2,2,255,49,Made 2-pointer from 2 ft,GSW now leads 90-84
2016-06-10,False,CLE,4,06:21,False,2,6,264,101,Missed 2-pointer from 6 ft,GSW leads 90-84
2016-06-10,False,CLE,4,05:59,False,2,2,255,45,Missed 2-pointer from 2 ft,GSW leads 90-84
2016-06-10,False,CLE,4,03:22,True,3,24,246,292,Made 3-pointer from 24 ft,GSW now leads 96-86
2016-06-10,False,CLE,4,00:54,True,2,1,249,52,Made 2-pointer from 1 ft,GSW now leads 98-89
2016-06-13,True,CLE,1,10:25,True,3,25,435,214,Made 3-pointer from 25 ft,GSW now leads 5-3
2016-06-13,True,CLE,1,09:37,False,3,26,126,279,Missed 3-pointer from 26 ft,GSW leads 5-3
2016-06-13,True,CLE,1,06:35,True,3,27,57,243,Made 3-pointer from 27 ft,GSW now leads 15-11
2016-06-13,True,CLE,1,02:21,True,2,6,242,112,Made 2-pointer from 6 ft,GSW now leads 27-26
2016-06-13,True,CLE,1,01:01,False,3,25,316,292,Missed 3-pointer from 25 ft,GSW leads 29-26
2016-06-13,True,CLE,2,09:31,False,2,4,218,81,Missed 2-pointer from 4 ft,GSW trails 36-38
2016-06-13,True,CLE,2,08:56,False,3,29,316,333,Missed 3-pointer from 29 ft,GSW trails 38-40
2016-06-13,True,CLE,2,01:32,True,3,26,51,225,Made 3-pointer from 26 ft,GSW now leads 61-58
2016-06-13,True,CLE,3,11:29,True,3,27,115,294,Made 3-pointer from 27 ft,GSW now tied 64-64
2016-06-13,True,CLE,3,10:50,False,2,2,222,64,Missed 2-pointer from 2 ft,GSW trails 64-67
2016-06-13,True,CLE,3,08:46,False,3,26,390,260,Missed 3-pointer from 26 ft,GSW trails 66-69
2016-06-13,True,CLE,3,07:52,False,3,25,308,287,Missed 3-pointer from 25 ft,GSW trails 66-71
2016-06-13,True,CLE,3,00:09,False,3,25,390,248,Missed 3-pointer from 25 ft,GSW trails 84-93
2016-06-13,True,CLE,4,11:40,True,3,26,79,253,Made 3-pointer from 26 ft,GSW now trails 87-93
2016-06-13,True,CLE,4,11:11,False,3,25,244,297,Missed 3-pointer from 25 ft,GSW trails 87-95
2016-06-13,True,CLE,4,09:02,False,2,3,250,81,Missed 2-pointer from 3 ft,GSW trails 90-99
2016-06-13,True,CLE,4,08:58,True,2,3,224,71,Made 2-pointer from 3 ft,GSW now trails 92-99
2016-06-13,True,CLE,4,08:30,False,3,25,429,219,Missed 3-pointer from 25 ft,GSW trails 92-99
2016-06-13,True,CLE,4,06:39,True,2,12,240,174,Made 2-pointer from 12 ft,GSW now trails 96-102
2016-06-13,True,CLE,4,05:40,False,2,21,367,220,Missed 2-pointer from 21 ft,GSW trails 96-106
2016-06-13,True,CLE,4,04:10,False,3,23,7,57,Missed 3-pointer from 23 ft,GSW trails 96-109
2016-06-16,False,CLE,1,07:59,False,3,25,61,224,Missed 3-pointer from 25 ft,GSW trails 0-6
2016-06-16,False,CLE,1,07:26,False,2,15,241,199,Missed 2-pointer from 15 ft,GSW trails 0-8
2016-06-16,False,CLE,1,06:04,True,3,26,460,194,Made 3-pointer from 26 ft,GSW now trails 5-13
2016-06-16,False,CLE,2,11:16,True,3,27,463,199,Made 3-pointer from 27 ft,GSW now trails 16-34
2016-06-16,False,CLE,2,09:39,True,3,25,339,284,Made 3-pointer from 25 ft,GSW now trails 24-39
2016-06-16,False,CLE,2,05:12,True,3,32,431,304,Made 3-pointer from 32 ft,GSW now trails 36-46
2016-06-16,False,CLE,2,04:06,False,3,32,38,292,Missed 3-pointer from 32 ft,GSW trails 38-46
2016-06-16,False,CLE,2,00:51,False,3,25,444,199,Missed 3-pointer from 25 ft,GSW trails 43-57
2016-06-16,False,CLE,2,00:34,False,3,25,-5,63,Missed 3-pointer from 25 ft,GSW trails 43-59
2016-06-16,False,CLE,3,09:44,False,2,1,228,49,Missed 2-pointer from 1 ft,GSW trails 43-65
2016-06-16,False,CLE,3,09:23,True,3,27,-6,150,Made 3-pointer from 27 ft,GSW now trails 46-65
2016-06-16,False,CLE,3,08:38,False,3,25,-5,91,Missed 3-pointer from 25 ft,GSW trails 46-67
2016-06-16,False,CLE,3,06:04,True,2,1,233,57,Made 2-pointer from 1 ft,GSW now trails 54-70
2016-06-16,False,CLE,3,05:25,False,2,1,242,57,Missed 2-pointer from 1 ft,GSW trails 55-72
2016-06-16,False,CLE,4,10:58,False,3,25,399,245,Missed 3-pointer from 25 ft,GSW trails 71-82
2016-06-16,False,CLE,4,09:04,True,3,25,362,268,Made 3-pointer from 25 ft,GSW now trails 76-84
2016-06-16,False,CLE,4,08:35,False,2,0,239,52,Missed 2-pointer from 0 ft,GSW trails 76-84
2016-06-16,False,CLE,4,07:17,False,3,26,339,292,Missed 3-pointer from 26 ft,GSW trails 79-88
2016-06-16,False,CLE,4,05:07,True,2,1,241,45,Made 2-pointer from 1 ft,GSW now trails 86-97
2016-06-16,False,CLE,4,04:32,False,2,0,241,49,Missed 2-pointer from 0 ft,GSW trails 86-99
2016-06-19,True,CLE,1,10:24,False,3,25,215,297,Missed 3-pointer from 25 ft,GSW trails 0-4
2016-06-19,True,CLE,1,06:42,True,3,26,57,228,Made 3-pointer from 26 ft,GSW now leads 11-8
2016-06-19,True,CLE,1,04:00,False,3,25,255,302,Missed 3-pointer from 25 ft,GSW leads 13-12
2016-06-19,True,CLE,1,02:00,True,3,23,470,86,Made 3-pointer from 23 ft,GSW now leads 19-16
2016-06-19,True,CLE,2,06:52,True,2,2,249,63,Made 2-pointer from 2 ft,GSW now tied 31-31
2016-06-19,True,CLE,2,05:07,False,2,3,223,71,Missed 2-pointer from 3 ft,GSW leads 35-33
2016-06-19,True,CLE,2,04:50,False,3,26,38,219,Missed 3-pointer from 26 ft,GSW leads 35-33
2016-06-19,True,CLE,2,01:18,False,3,27,252,323,Missed 3-pointer from 27 ft,GSW leads 47-40
2016-06-19,True,CLE,3,08:21,True,2,1,244,58,Made 2-pointer from 1 ft,GSW now leads 56-54
2016-06-19,True,CLE,3,07:40,True,3,26,188,304,Made 3-pointer from 26 ft,GSW now leads 59-54
2016-06-19,True,CLE,3,05:05,False,3,25,241,297,Missed 3-pointer from 25 ft,GSW trails 59-60
2016-06-19,True,CLE,3,00:43,False,2,2,223,57,Missed 2-pointer from 2 ft,GSW trails 74-75
2016-06-19,True,CLE,3,00:29,False,3,25,84,243,Missed 3-pointer from 25 ft,GSW trails 74-75
2016-06-19,True,CLE,4,06:57,True,3,27,234,322,Made 3-pointer from 27 ft,GSW now tied 83-83
2016-06-19,True,CLE,4,05:38,False,2,10,329,93,Missed 2-pointer from 10 ft,GSW leads 85-83
2016-06-19,True,CLE,4,04:06,False,3,27,417,253,Missed 3-pointer from 27 ft,GSW tied 89-89
2016-06-19,True,CLE,4,01:14,False,3,26,241,312,Missed 3-pointer from 26 ft,GSW tied 89-89
2016-06-19,True,CLE,4,00:31,False,3,26,354,287,Missed 3-pointer from 26 ft,GSW trails 89-92
2016-06-19,True,CLE,4,00:02,False,3,26,179,302,Missed 3-pointer from 26 ft,GSW trails 89-93
